FID,IID,PAT,MAT,SEX,PHENOTYPE,rs56369005_C,rs12420823_T,rs78983534_C,rs11221439_A,rs607670_C,rs1944853_A,rs75275551_T,rs1623169_C,rs79078715_A,rs117746174_A,rs35516683_T,rs117944950_A,rs634466_A,rs1939236_G,rs74540741_T,rs117457539_C,rs113938935_T,rs631647_T,rs55859508_G,rs679853_G,rs76164243_A,rs544226_A,rs663461_G,rs657642_G,rs74486336_A,rs2300592_C,rs672578_T,rs34615169_A,rs10893918_T,rs625797_C,rs2847376_G,rs3216814_A,rs79464641_T,rs111437504_A,rs2268612_C,rs73021488_T,rs41302401_A
1000023,1000023,0,0,2,-9,0,0,0,0,1,0,0,1,0,0,0,0,0,0,0,0,0,0,1,2,0,2,0,0,0,0,0,0,0,2,0,0,0,0,0,0,0
1000030,1000030,0,0,2,-9,2,0,0,2,0,0,0,0,0,0,1,1,0,1,0,1,0,1,0,0,0,0,1,2,0,0,1,0,1,1,0,1,1,0,0,0,0
1000059,1000059,0,0,2,-9,1,1,0,1,1,0,0,0,0,0,0,0,0,2,0,0,0,0,0,0,0,1,0,0,0,0,0,0,1,1,1,0,0,0,1,0,0
1000062,1000062,0,0,1,-9,1,1,0,1,1,0,0,1,0,0,0,0,1,0,0,0,0,1,0,1,0,0,0,1,0,0,1,0,0,2,0,0,0,0,0,0,0
1000095,1000095,0,0,1,-9,1,1,1,1,1,0,0,0,0,0,0,0,0,0,0,0,0,2,0,0,0,1,0,1,0,0,0,0,1,0,0,2,0,0,0,0,0
1000100,1000100,0,0,1,-9,2,1,1,1,1,0,0,0,1,0,0,0,0,0,0,0,0,1,1,1,0,1,0,1,0,0,1,1,0,2,0,0,0,0,0,1,0
1000146,1000146,0,0,1,-9,1,0,0,1,1,0,0,0,0,0,0,0,0,1,0,0,0,0,1,1,0,0,1,1,0,1,1,0,1,1,1,1,0,0,1,0,0
1000181,1000181,0,0,1,-9,0,0,0,0,0,0,0,0,0,0,0,0,0,0,0,0,0,1,0,0,0,0,0,1,0,0,1,0,0,2,0,1,0,0,0,1,0
1000215,1000215,0,0,1,-9,0,1,0,0,1,0,0,0,0,0,0,0,0,0,0,0,0,2,0,0,2,0,1,2,0,0,1,0,1,0,0,2,0,0,0,0,0
1000229,1000229,0,0,2,-9,0,1,0,0,1,0,0,1,0,0,0,0,0,0,0,0,0,1,0,1,0,0,1,1,0,0,0,0,1,0,0,2,0,0,0,0,0
1000231,1000231,0,0,1,-9,0,2,0,0,2,0,0,0,1,0,0,0,0,0,0,0,0,2,0,0,0,2,0,0,0,0,0,2,0,2,0,0,0,0,0,0,0
1000250,1000250,0,0,1,-9,1,1,0,1,0,0,0,0,0,0,0,0,0,1,0,0,0,0,0,0,0,2,1,0,0,1,0,1,0,2,0,0,0,0,0,0,0
1000264,1000264,0,0,1,-9,0,0,0,1,0,0,0,0,0,0,0,0,0,0,0,0,0,0,0,0,0,0,2,1,0,0,0,1,0,1,0,1,0,0,0,0,0
1000309,1000309,0,0,2,-9,1,2,0,0,1,0,0,1,1,0,0,0,0,0,0,0,0,1,1,1,0,0,0,0,0,0,0,0,0,1,0,1,0,0,0,0,0
1000336,1000336,0,0,1,-9,1,0,0,0,2,0,0,0,0,0,1,0,0,1,0,0,0,0,0,0,0,0,1,1,0,1,1,1,0,1,0,1,0,0,0,0,0
1000363,1000363,0,0,1,-9,0,2,0,0,2,0,0,0,0,0,0,0,1,0,0,0,1,1,1,1,0,0,2,2,0,0,1,0,0,1,0,1,0,0,0,0,0
1000374,1000374,0,0,2,-9,0,1,0,1,1,0,0,0,0,1,0,0,0,0,0,0,1,1,1,1,0,2,0,1,0,0,1,1,1,1,0,1,0,0,0,0,0
1000391,1000391,0,0,2,-9,1,1,1,1,1,0,0,1,0,0,0,1,0,0,0,0,0,1,0,1,0,0,1,1,0,0,1,1,1,1,0,1,0,0,0,0,0
1000410,1000410,0,0,2,-9,0,2,0,0,2,0,0,0,0,0,0,0,0,0,0,0,1,1,1,1,0,1,1,1,0,0,0,0,0,1,0,1,0,0,0,0,0
1000434,1000434,0,0,2,-9,1,1,0,1,1,0,0,0,0,0,1,0,0,2,0,0,0,0,0,0,0,0,1,1,0,1,0,0,1,0,1,1,0,0,1,0,0
1000442,1000442,0,0,2,-9,0,2,0,0,2,0,0,0,0,0,0,0,1,0,0,0,0,1,0,0,0,0,2,2,0,0,0,0,0,0,0,1,0,0,0,0,0
1000478,1000478,0,0,2,-9,0,1,0,0,1,1,0,0,0,0,0,0,0,0,0,0,0,1,0,1,0,0,0,0,0,0,1,2,2,1,0,0,0,0,0,0,1
1000499,1000499,0,0,2,-9,0,1,0,0,1,1,0,0,0,0,0,0,0,0,0,0,0,0,0,0,0,2,0,0,0,0,0,0,0,2,0,0,0,0,0,0,0
1000503,1000503,0,0,1,-9,0,1,0,1,1,0,0,0,0,0,0,0,0,1,0,0,0,0,0,0,0,1,1,0,0,1,0,1,1,1,0,0,0,0,0,0,0
1000511,1000511,0,0,1,-9,1,1,0,0,1,1,0,0,0,0,0,0,0,0,0,0,0,1,0,1,0,0,0,1,0,0,1,1,0,2,0,0,0,0,0,0,0
1000528,1000528,0,0,1,-9,1,1,0,0,2,0,0,0,0,0,0,0,1,1,0,0,0,1,0,0,0,0,1,1,0,1,1,0,1,1,0,2,0,0,0,0,0
1000556,1000556,0,0,2,-9,0,1,0,0,1,0,0,0,0,0,1,0,0,1,0,0,0,1,0,0,0,1,0,1,0,0,1,1,0,1,0,0,0,0,0,0,0
1000572,1000572,0,0,2,-9,0,2,0,0,2,0,0,0,0,0,0,0,0,1,0,0,0,1,0,0,1,2,0,0,0,0,0,1,1,1,1,0,0,0,0,0,1
1000589,1000589,0,0,1,-9,1,1,0,1,1,0,0,0,0,0,0,0,0,1,0,0,0,0,1,1,0,0,0,0,0,0,0,0,0,2,0,0,0,0,0,1,0
1000590,1000590,0,0,1,-9,0,2,0,0,2,0,0,0,0,0,0,0,0,0,0,0,0,1,0,0,1,1,1,1,0,0,0,0,1,0,0,2,0,0,0,0,0
1000616,1000616,0,0,2,-9,0,0,0,0,1,1,0,1,0,0,0,0,0,0,0,0,0,2,0,0,0,0,1,1,1,0,0,1,0,1,0,1,1,0,0,0,0
1000620,1000620,0,0,2,-9,0,2,0,0,2,0,0,0,0,0,0,0,0,1,0,0,0,0,0,1,0,0,2,0,0,2,0,1,1,1,1,0,0,0,0,0,0
1000637,1000637,0,0,1,-9,1,0,0,1,0,0,0,0,0,0,0,0,0,1,0,0,0,1,0,0,0,1,0,0,0,0,0,1,1,1,1,0,0,0,1,0,0
1000651,1000651,0,0,1,-9,1,1,0,0,1,0,0,0,0,0,0,0,0,0,0,0,0,2,0,0,1,2,1,1,0,1,0,1,1,0,1,1,0,0,1,0,0
1000665,1000665,0,0,2,-9,1,1,0,1,1,0,0,0,0,0,0,0,0,1,0,0,0,1,0,0,0,0,1,1,0,0,0,1,0,1,0,1,0,0,0,0,0
1000679,1000679,0,0,1,-9,0,0,0,0,0,0,0,0,0,0,0,0,0,0,0,0,0,0,0,1,0,0,0,0,0,0,1,1,1,0,0,1,0,0,0,0,0
1000698,1000698,0,0,1,-9,1,1,0,1,1,0,0,0,0,0,0,2,0,0,0,0,0,2,0,0,0,0,2,1,0,1,0,0,1,0,0,1,0,0,0,0,0
1000706,1000706,0,0,2,-9,0,1,0,0,1,0,0,0,0,0,0,0,0,0,0,0,0,1,0,0,0,0,1,1,0,0,1,0,0,2,0,1,0,0,0,0,0
1000712,1000712,0,0,1,-9,0,1,0,1,1,0,0,0,0,0,0,0,0,1,1,0,0,0,1,1,0,2,0,0,0,0,0,1,1,1,0,1,0,0,1,0,0
1000753,1000753,0,0,1,-9,0,0,0,0,0,0,0,1,0,0,0,0,0,0,0,0,0,1,0,1,0,0,0,2,0,0,2,0,2,0,1,1,0,0,1,0,0
1000768,1000768,0,0,2,-9,0,1,0,0,0,1,0,0,0,0,0,0,0,0,0,0,0,0,0,0,0,1,1,1,0,0,0,0,1,1,0,1,0,0,0,0,1
1000794,1000794,0,0,2,-9,1,1,0,0,2,0,0,0,1,0,0,0,0,0,0,0,0,2,0,0,0,0,2,1,0,1,0,1,0,0,0,2,0,0,0,0,0
1000805,1000805,0,0,1,-9,0,0,0,0,0,0,0,1,0,0,0,0,0,0,0,0,0,0,1,2,0,1,0,0,0,0,0,0,0,1,0,1,0,0,0,0,0
1000818,1000818,0,0,2,-9,1,0,0,2,0,0,0,0,0,0,0,0,0,0,0,0,0,0,0,1,1,1,1,0,0,0,0,0,1,1,0,1,0,0,0,0,0
1000821,1000821,0,0,2,-9,0,1,0,1,1,0,0,0,0,1,0,0,0,0,0,0,0,2,0,0,0,0,1,0,0,0,0,1,1,1,0,1,0,0,0,0,0
1000849,1000849,0,0,1,-9,0,2,0,0,2,0,0,0,0,0,0,0,1,0,0,0,0,1,0,0,0,0,2,2,0,0,0,0,0,0,0,2,0,0,0,0,0
1000857,1000857,0,0,2,-9,0,0,0,0,0,0,0,1,0,0,0,0,0,0,0,0,0,1,0,1,0,1,1,1,0,1,1,1,2,0,2,0,0,0,2,0,0
1000892,1000892,0,0,2,-9,0,1,0,1,1,0,0,0,0,0,0,0,0,1,0,0,0,1,0,0,0,0,0,2,0,0,1,0,0,1,0,1,1,0,0,0,0
1000901,1000901,0,0,1,-9,1,0,0,1,1,0,0,0,0,0,1,0,0,1,0,0,1,0,1,1,0,0,1,1,0,0,0,1,0,1,0,1,0,0,0,0,0
1000932,1000932,0,0,1,-9,0,2,0,0,1,0,0,0,0,0,0,0,0,0,0,0,0,1,0,1,0,0,1,0,0,0,0,1,0,2,0,0,0,0,1,0,0
1000954,1000954,0,0,2,-9,1,0,0,1,0,0,0,1,0,0,0,0,0,2,1,0,0,0,0,0,0,0,1,0,0,1,1,1,2,0,0,1,0,0,0,0,0
1000976,1000976,0,0,2,-9,1,0,0,1,0,0,0,0,0,0,1,0,0,1,0,1,0,0,1,1,0,1,1,1,0,0,0,1,0,2,0,1,0,0,0,0,0
1001012,1001012,0,0,2,-9,0,1,0,0,0,0,0,1,0,0,0,0,0,0,0,0,0,1,0,1,1,1,0,1,0,0,1,0,0,2,0,0,0,0,0,0,0
1001040,1001040,0,0,2,-9,0,1,0,0,0,0,0,1,0,0,0,1,0,0,0,0,0,1,0,1,0,1,0,1,0,0,1,0,1,1,1,0,0,0,0,1,0
1001053,1001053,0,0,2,-9,1,1,0,1,1,0,0,0,0,0,0,1,0,1,1,0,0,1,0,0,0,0,2,1,0,1,0,0,1,0,0,2,0,0,0,0,0
1001068,1001068,0,0,1,-9,0,1,0,0,2,0,0,0,0,0,0,0,0,0,0,0,0,2,0,0,1,2,0,0,0,0,0,0,2,0,2,0,0,0,0,0,0
1001094,1001094,0,0,1,-9,2,1,0,1,1,0,0,0,0,0,1,0,0,2,0,1,0,0,0,0,0,1,0,0,0,0,0,0,1,0,0,1,0,0,1,0,0
1001117,1001117,0,0,1,-9,2,0,0,2,0,0,0,0,0,0,1,0,0,2,0,1,0,0,0,0,0,2,0,0,0,1,0,0,1,0,0,1,0,0,0,0,0
1001145,1001145,0,0,1,-9,0,0,0,0,1,0,0,1,0,0,0,0,0,0,0,0,0,1,0,1,0,0,1,1,0,0,1,1,0,2,0,0,0,0,0,0,0
1001158,1001158,0,0,2,-9,1,2,0,0,2,0,0,1,0,0,0,0,0,0,0,0,0,1,0,1,0,1,1,0,0,1,0,0,2,0,2,0,0,0,1,0,0
1001174,1001174,0,0,2,-9,2,1,0,1,1,0,0,0,0,0,1,0,0,1,0,1,0,1,0,0,0,0,0,1,0,1,1,0,1,0,1,1,1,0,0,0,0
1001180,1001180,0,0,1,-9,1,0,0,1,0,0,0,1,0,0,0,0,0,0,0,0,0,0,0,2,0,1,0,1,0,0,1,1,1,1,0,1,0,0,0,0,0
1001223,1001223,0,0,2,-9,2,0,0,2,0,0,0,0,0,0,0,0,0,0,0,0,0,1,0,1,0,0,0,1,0,0,1,1,0,1,0,1,0,0,0,0,0
1001230,1001230,0,0,2,-9,1,1,0,1,1,0,0,0,0,0,0,1,0,1,0,0,0,1,0,0,0,0,1,1,0,0,0,1,0,1,0,1,0,0,0,0,0
1001262,1001262,0,0,2,-9,1,1,0,1,1,0,0,1,0,0,0,0,0,1,1,0,0,1,0,0,0,1,0,1,0,0,1,0,1,1,0,1,0,0,0,0,0
1001295,1001295,0,0,1,-9,0,2,0,0,2,0,0,0,0,0,0,0,0,0,0,0,0,1,0,0,0,1,1,1,0,0,0,1,0,1,0,1,0,0,0,0,0
1001311,1001311,0,0,1,-9,0,0,0,1,0,0,0,1,0,0,0,0,0,1,0,0,0,0,0,1,0,0,0,1,0,0,1,0,2,0,0,2,0,0,0,0,0
1001328,1001328,0,0,2,-9,0,1,0,0,1,1,0,1,0,0,0,0,0,0,0,0,0,1,1,1,0,1,0,1,0,0,1,1,0,2,0,0,0,0,0,0,0
1001335,1001335,0,0,2,-9,0,0,0,0,0,0,0,0,0,0,0,0,0,0,0,0,0,2,0,0,1,0,0,0,0,0,1,1,0,1,0,0,0,0,0,0,1
1001344,1001344,0,0,2,-9,0,0,0,0,0,0,0,1,0,0,0,0,0,0,0,0,0,0,0,1,0,0,1,2,0,0,1,0,0,1,0,1,0,0,0,1,0
1001367,1001367,0,0,1,-9,0,0,0,2,0,0,0,1,0,1,0,0,0,0,0,0,0,1,0,1,0,0,1,0,0,0,0,0,1,1,0,1,0,0,0,1,0
1001372,1001372,0,0,2,-9,0,2,0,0,2,0,0,1,0,0,0,0,0,0,0,0,0,0,0,2,0,0,1,1,0,1,1,1,0,1,0,1,0,1,0,0,0
1001390,1001390,0,0,1,-9,0,1,0,0,1,0,1,0,0,0,0,0,0,0,0,0,0,1,1,1,0,0,0,1,0,0,1,0,2,0,0,2,0,0,0,0,0
1001419,1001419,0,0,1,-9,0,2,0,0,1,0,0,0,0,0,0,1,0,0,0,0,0,1,0,0,0,1,1,1,0,0,1,0,1,0,0,2,0,0,0,0,0
1001425,1001425,0,0,2,-9,0,0,0,1,0,0,0,0,0,0,1,0,0,1,0,0,0,1,0,0,0,1,1,1,0,0,1,1,0,1,0,1,0,0,0,0,0
1001448,1001448,0,0,2,-9,0,0,0,1,0,0,0,0,0,1,0,0,0,0,0,0,0,1,1,1,0,1,0,0,0,0,0,0,1,1,0,1,0,0,1,0,0
1001454,1001454,0,0,1,-9,1,0,0,1,0,0,0,0,0,0,0,0,0,1,0,0,0,1,0,0,0,1,0,0,0,0,0,1,0,1,0,1,1,0,0,0,0
1001460,1001460,0,0,2,-9,1,0,0,1,1,0,0,0,0,0,1,0,0,2,0,0,0,0,0,0,0,0,0,0,0,0,0,1,0,2,0,0,0,0,0,0,0
1001507,1001507,0,0,1,-9,0,1,0,1,1,0,0,0,0,0,0,0,0,0,0,0,0,0,1,1,0,2,0,0,0,0,0,0,2,0,1,1,0,0,0,0,1
1001510,1001510,0,0,2,-9,1,1,0,0,1,0,0,0,0,0,0,0,0,0,0,0,0,0,1,1,0,2,0,0,0,0,0,2,0,1,0,1,0,0,1,0,0
1001526,1001526,0,0,1,-9,1,1,0,0,1,0,0,0,0,0,0,0,0,1,1,0,0,0,0,0,0,1,1,1,0,0,0,0,1,0,0,2,0,0,0,0,0
1001534,1001534,0,0,2,-9,0,1,0,0,1,1,0,0,0,0,0,0,0,0,0,0,0,0,1,1,0,2,0,0,0,0,0,1,1,1,0,1,0,0,0,0,0
1001542,1001542,0,0,1,-9,0,0,0,2,0,0,0,0,0,1,0,0,0,0,0,0,0,1,0,1,0,1,0,1,0,0,1,0,1,0,0,2,0,0,0,0,0
1001561,1001561,0,0,2,-9,1,1,1,1,1,0,0,1,0,0,0,0,0,0,0,0,0,0,1,2,0,2,0,0,0,0,0,1,0,2,0,0,0,0,0,0,0
1001583,1001583,0,0,1,-9,0,1,0,0,1,0,0,1,0,0,0,1,0,0,0,0,0,1,0,1,0,0,2,1,0,1,0,1,0,0,0,2,0,0,0,0,0
1001602,1001602,0,0,2,-9,1,0,0,0,1,0,0,1,0,0,0,0,0,1,0,0,0,0,0,1,0,0,1,1,0,0,1,0,0,2,0,0,0,0,0,0,0
1001631,1001631,0,0,1,-9,1,1,0,0,2,0,0,0,0,0,0,0,0,0,0,0,0,1,0,0,0,1,0,1,0,0,0,0,1,0,0,2,0,0,0,0,0
1001647,1001647,0,0,1,-9,1,1,0,0,2,0,0,0,0,0,1,0,0,1,0,0,0,1,0,0,0,0,2,1,1,0,0,1,0,1,0,1,1,0,0,0,0
1001650,1001650,0,0,1,-9,0,1,0,0,1,0,0,0,0,0,0,0,0,0,0,0,0,0,2,2,0,2,0,0,0,0,0,0,0,2,0,0,0,0,0,0,0
1001664,1001664,0,0,1,-9,1,0,0,2,0,0,0,0,0,0,0,0,0,2,0,0,0,0,0,0,0,0,0,0,0,0,0,1,0,2,0,0,0,0,0,0,0
1001705,1001705,0,0,2,-9,1,1,0,0,1,0,0,1,0,0,0,0,0,0,0,0,0,1,0,1,1,0,0,1,0,0,1,0,0,2,0,0,0,0,0,1,0
1001718,1001718,0,0,2,-9,0,1,0,1,1,0,0,0,0,0,0,0,0,1,0,0,0,0,0,0,0,1,1,0,0,1,0,0,0,2,0,0,0,0,0,0,0
1001721,1001721,0,0,2,-9,1,1,0,1,0,0,0,0,0,0,0,0,0,0,0,0,0,0,0,1,0,1,1,0,0,1,0,2,1,1,1,0,0,0,1,0,0
1001733,1001733,0,0,1,-9,1,0,0,1,0,0,0,0,0,0,0,0,0,0,0,0,0,2,0,0,1,0,1,1,0,1,1,0,1,1,1,0,0,0,1,0,0
1001784,1001784,0,0,2,-9,0,1,0,0,1,0,0,0,0,0,0,0,0,1,1,0,0,0,0,0,0,1,0,1,0,0,1,0,1,1,0,1,1,0,1,0,0
1001792,1001792,0,0,2,-9,0,1,0,0,0,0,0,1,0,0,1,0,0,1,0,0,0,0,0,1,0,0,0,1,0,0,0,0,1,1,0,1,0,0,0,0,0
1001816,1001816,0,0,1,-9,1,0,0,2,0,0,0,0,0,0,0,0,0,1,1,0,0,0,0,0,0,0,1,1,0,1,0,0,1,0,1,1,0,0,1,0,0
1001820,1001820,0,0,2,-9,0,2,0,0,2,0,0,0,0,0,0,1,0,0,0,0,0,1,0,0,0,1,2,1,0,1,0,1,1,0,1,1,0,0,1,0,0
1001837,1001837,0,0,2,-9,0,0,0,0,1,1,0,1,0,0,0,0,0,0,0,0,0,0,1,2,0,0,1,1,0,1,1,0,1,1,0,1,0,0,0,0,0
1001843,1001843,0,0,1,-9,0,1,0,0,0,0,0,1,0,0,0,0,0,0,0,0,0,0,0,1,0,0,1,1,0,0,0,0,1,0,1,1,0,0,1,0,0
1001851,1001851,0,0,1,-9,1,1,0,1,1,0,0,0,0,1,0,0,0,1,0,0,0,1,0,0,0,0,0,0,0,0,0,1,1,1,0,1,0,0,0,0,0
1001865,1001865,0,0,2,-9,0,0,0,0,0,0,0,0,0,0,0,0,0,0,0,0,0,2,0,0,1,0,2,2,1,0,1,0,0,1,0,1,1,1,0,0,0
1001879,1001879,0,0,2,-9,1,1,0,0,2,0,0,1,1,0,0,0,0,0,0,0,0,1,1,1,0,1,0,0,0,0,0,0,0,2,0,0,0,0,0,0,0
1001898,1001898,0,0,1,-9,2,0,0,2,0,0,0,0,0,0,0,0,0,1,0,0,0,1,0,0,0,0,1,0,0,1,1,1,2,0,1,0,0,0,1,0,1
1001913,1001913,0,0,2,-9,2,0,0,2,0,0,0,0,0,0,0,0,0,2,1,0,0,0,0,0,0,0,1,0,0,1,0,0,1,1,0,1,0,0,0,0,0
1001924,1001924,0,0,2,-9,1,2,0,0,1,0,0,2,0,0,0,0,0,0,0,0,0,1,1,1,0,1,0,0,0,0,0,0,1,0,0,2,0,0,0,0,0
1001946,1001946,0,0,2,-9,1,2,0,0,2,0,0,0,0,0,0,1,0,0,0,0,1,1,1,1,0,0,2,2,0,0,1,1,1,1,0,1,0,0,0,0,0
1001952,1001952,0,0,2,-9,1,0,1,1,0,0,0,0,0,0,0,0,1,0,0,0,0,1,0,0,1,0,0,2,0,0,2,0,0,2,0,0,0,0,0,0,0
1001969,1001969,0,0,1,-9,1,1,0,0,2,0,0,0,0,0,0,0,0,0,0,0,0,2,0,0,1,1,1,1,0,0,1,0,1,1,0,2,0,0,0,0,0
1001981,1001981,0,0,2,-9,0,1,0,0,1,0,0,0,0,0,0,0,0,0,0,0,0,2,0,0,1,0,1,1,0,0,0,0,1,0,0,1,0,0,0,0,0
1002017,1002017,0,0,2,-9,1,1,0,1,1,0,0,0,0,0,0,0,0,1,0,0,0,1,0,0,0,1,0,0,0,0,0,1,1,1,0,1,0,0,1,0,0
1002036,1002036,0,0,1,-9,1,1,0,1,1,0,0,1,0,0,0,0,0,1,0,0,0,0,0,1,0,1,1,2,0,0,1,1,0,1,0,1,0,0,0,0,0
1002045,1002045,0,0,1,-9,1,1,0,1,1,0,0,0,0,0,0,0,0,1,0,0,0,1,0,0,1,2,0,0,0,0,0,0,0,2,0,0,0,0,1,0,0
1002063,1002063,0,0,2,-9,0,0,0,0,1,0,0,0,0,0,0,0,0,0,0,0,0,2,0,0,0,1,0,2,0,0,1,0,0,1,0,2,0,0,0,0,0
1002074,1002074,0,0,1,-9,1,1,0,1,0,0,0,0,0,0,0,0,0,1,0,0,0,0,0,0,0,0,1,0,0,1,0,1,1,0,0,2,0,0,0,0,0
1002091,1002091,0,0,2,-9,1,1,0,1,0,0,0,1,0,0,0,0,0,0,0,0,0,0,0,1,0,0,0,1,0,0,1,0,1,1,0,1,0,0,0,0,0
1002106,1002106,0,0,1,-9,2,0,0,2,0,0,0,0,0,0,0,0,0,1,0,0,0,0,1,1,0,0,1,0,0,1,0,1,0,2,1,0,0,0,0,0,0
1002112,1002112,0,0,1,-9,1,0,0,0,0,0,0,0,0,0,0,0,0,0,0,0,0,0,0,1,0,0,0,2,0,0,1,0,0,1,0,1,0,0,0,0,0
1002139,1002139,0,0,1,-9,0,1,0,0,1,0,0,0,0,0,0,0,0,0,0,0,0,1,0,0,0,0,0,2,0,0,0,1,1,0,0,1,0,0,0,0,0
1002194,1002194,0,0,2,-9,0,0,0,0,0,1,0,0,0,0,0,0,0,0,0,0,1,1,1,1,0,1,1,2,0,0,1,0,0,0,0,2,0,0,0,0,0
1002203,1002203,0,0,1,-9,0,1,0,1,1,0,0,0,0,0,0,0,1,0,0,0,0,1,1,1,0,0,1,1,0,0,0,0,0,1,0,0,0,0,0,1,0
1002235,1002235,0,0,2,-9,1,1,0,0,2,0,0,1,0,0,1,0,0,1,0,0,0,1,0,0,0,1,1,1,1,0,0,1,0,1,0,1,1,0,0,0,0
1002272,1002272,0,0,1,-9,0,1,0,0,2,0,0,0,0,0,0,0,0,0,0,0,1,0,2,2,0,1,1,0,0,1,0,1,2,0,1,0,0,0,2,0,0
1002289,1002289,0,0,1,-9,0,0,0,0,0,0,0,1,0,0,0,0,0,0,0,0,0,1,0,0,0,0,1,2,0,0,2,0,0,2,0,0,0,0,0,0,0
1002290,1002290,0,0,2,-9,0,2,0,0,1,0,1,0,0,0,0,0,0,1,0,0,1,0,1,1,0,1,0,1,0,0,1,0,1,1,1,0,0,0,0,0,0
1002308,1002308,0,0,1,-9,1,0,0,2,0,0,0,1,0,0,0,0,0,0,0,0,0,1,0,1,0,0,1,2,0,0,1,0,0,1,0,1,0,0,0,0,0
1002314,1002314,0,0,2,-9,1,1,0,1,1,0,0,1,0,0,0,0,0,1,0,0,0,0,0,1,0,0,0,2,0,0,2,0,0,2,0,0,0,1,0,0,0
1002330,1002330,0,0,1,-9,0,1,0,1,1,0,0,0,0,1,0,0,0,0,0,0,0,1,0,0,0,0,2,1,0,0,1,0,1,1,0,1,0,0,0,0,0
1002341,1002341,0,0,1,-9,0,2,0,0,1,0,0,0,0,0,0,0,0,0,0,0,1,0,2,2,0,1,0,0,0,0,0,1,0,2,0,0,0,0,0,0,0
1002359,1002359,0,0,2,-9,1,1,0,0,1,1,0,0,0,0,0,0,0,0,0,0,0,1,0,0,0,1,1,0,0,1,0,0,0,0,0,2,0,0,0,0,0
1002362,1002362,0,0,1,-9,0,2,0,0,1,0,0,0,0,0,0,0,0,0,0,0,0,1,0,0,0,1,1,1,0,0,0,0,0,1,0,1,0,0,0,0,0
1002386,1002386,0,0,1,-9,0,1,0,1,1,0,0,0,0,0,0,0,0,0,0,0,0,1,0,1,1,2,0,0,0,0,0,0,1,1,0,1,0,0,0,0,0
1002404,1002404,0,0,1,-9,0,1,0,1,1,0,0,0,0,0,0,0,0,0,0,0,0,0,0,1,0,0,1,1,0,0,0,0,1,1,1,0,0,0,1,0,0
1002416,1002416,0,0,2,-9,1,0,0,1,0,0,0,1,0,0,1,0,0,1,0,1,0,0,0,1,0,0,1,1,0,1,1,1,0,2,0,0,0,0,0,0,0
1002420,1002420,0,0,2,-9,1,0,0,2,0,0,0,0,0,0,0,0,0,0,0,0,0,1,0,0,0,1,1,1,0,0,0,0,1,0,0,2,0,0,0,0,0
1002437,1002437,0,0,1,-9,1,1,0,1,1,0,0,1,1,0,0,0,0,0,0,0,0,1,0,1,0,0,1,0,0,1,0,1,0,1,0,1,0,0,0,0,0
1002443,1002443,0,0,1,-9,1,1,0,1,1,0,0,0,0,0,0,0,0,0,0,0,0,1,0,1,0,2,0,0,0,0,0,1,0,2,0,0,0,0,0,0,0
1002465,1002465,0,0,1,-9,2,0,0,2,0,0,0,0,0,0,0,0,0,1,0,0,0,1,0,0,0,0,0,1,0,0,0,0,1,0,0,2,0,0,0,0,0
1002479,1002479,0,0,1,-9,0,2,0,0,2,0,0,0,0,0,0,0,0,0,0,0,0,1,1,2,0,0,2,1,0,0,0,0,0,1,0,1,0,0,0,0,0
1002502,1002502,0,0,2,-9,0,1,0,0,1,1,0,0,0,0,0,1,0,0,0,0,0,2,0,0,0,0,1,1,0,0,1,0,0,1,0,1,0,0,0,0,0
1002515,1002515,0,0,1,-9,0,2,0,0,2,0,0,0,0,0,0,0,0,0,0,0,2,0,2,2,0,1,0,0,0,0,0,2,0,2,0,0,0,0,0,0,0
1002531,1002531,0,0,1,-9,1,1,0,1,1,0,0,0,0,0,0,1,0,1,0,0,0,1,0,0,0,1,1,1,0,0,0,0,0,0,0,2,0,0,0,0,0
1002547,1002547,0,0,1,-9,1,1,0,1,0,0,0,1,0,0,0,0,0,0,0,0,0,0,0,2,0,0,0,2,0,0,2,0,0,2,0,0,0,0,0,0,0
1002550,1002550,0,0,1,-9,0,1,0,0,1,0,0,1,0,0,0,0,1,0,0,0,0,1,0,1,0,0,2,1,0,1,0,1,0,0,0,1,0,0,0,0,0
1002564,1002564,0,0,2,-9,0,1,0,0,1,0,0,1,0,0,0,0,0,0,0,0,0,0,0,1,0,0,1,2,0,0,1,0,0,2,0,0,0,0,0,0,0
1002596,1002596,0,0,2,-9,0,1,0,0,1,1,1,0,0,0,0,0,0,0,0,0,0,0,1,2,1,1,0,0,0,0,0,0,1,1,0,1,0,0,0,0,0
1002610,1002610,0,0,1,-9,0,0,0,1,0,1,0,0,0,0,0,0,0,1,0,0,0,1,0,0,0,1,0,0,0,0,0,1,1,1,0,1,0,0,0,0,0
1002626,1002626,0,0,2,-9,2,0,0,2,0,0,0,0,0,0,0,0,0,1,0,0,0,1,0,1,1,1,1,0,0,1,0,0,1,1,0,1,0,0,0,0,0
1002634,1002634,0,0,2,-9,1,1,0,1,0,0,0,1,0,0,1,0,0,1,0,1,0,0,1,1,0,0,1,1,0,0,0,0,1,0,0,1,0,0,0,0,0
1002642,1002642,0,0,1,-9,1,1,0,1,0,0,0,1,0,0,0,0,0,1,0,0,0,0,1,1,0,1,0,0,0,0,0,0,1,1,0,1,0,0,0,0,0
1002655,1002655,0,0,1,-9,1,0,0,1,0,0,0,0,0,0,0,0,0,1,0,0,0,1,0,0,0,1,1,1,0,1,0,1,1,0,0,0,0,0,0,0,0
1002661,1002661,0,0,1,-9,1,1,0,1,0,0,0,1,0,0,0,0,0,0,0,0,0,1,0,1,0,1,0,1,0,0,1,2,0,2,0,0,0,0,0,0,0
1002678,1002678,0,0,1,-9,0,1,0,0,1,1,0,0,0,0,0,0,0,0,0,0,0,1,0,0,0,0,1,0,0,1,0,2,0,1,0,1,0,0,0,0,0
1002683,1002683,0,0,1,-9,0,1,0,0,1,0,0,1,0,0,0,0,0,0,0,0,0,1,0,1,0,1,1,0,0,1,0,1,0,1,0,2,0,0,0,0,0
1002713,1002713,0,0,1,-9,1,1,0,0,1,0,0,0,0,0,0,0,0,0,0,0,1,1,1,1,1,1,0,0,0,0,0,1,0,1,0,1,0,0,1,0,0
1002724,1002724,0,0,1,-9,0,1,0,1,1,0,0,0,0,1,0,0,0,0,0,0,0,1,0,0,1,0,0,0,0,0,0,1,2,0,0,2,0,0,0,0,0
1002738,1002738,0,0,1,-9,1,1,1,1,1,0,0,1,0,0,0,0,0,0,0,0,1,0,1,2,0,0,1,1,0,0,0,0,1,0,0,2,0,0,0,0,0
1002752,1002752,0,0,1,-9,0,1,0,0,1,0,0,2,0,0,0,0,0,0,0,0,0,0,1,2,0,0,1,1,0,1,1,0,0,2,0,0,0,0,0,0,0
1002781,1002781,0,0,1,-9,1,1,0,0,2,0,0,0,0,0,0,0,0,0,0,0,0,1,1,1,0,0,2,0,0,1,0,1,1,1,1,0,0,0,1,0,0
1002797,1002797,0,0,1,-9,1,0,0,1,0,0,0,1,0,0,0,0,0,1,0,0,0,0,0,1,0,0,1,0,0,1,1,2,1,0,0,1,0,0,0,0,1
1002819,1002819,0,0,1,-9,0,1,0,0,0,0,0,0,0,0,0,1,0,0,0,0,0,2,0,0,0,0,1,1,0,0,0,0,0,1,0,1,0,0,0,0,0
1002832,1002832,0,0,2,-9,0,1,0,0,1,0,0,0,0,0,0,0,0,0,0,0,0,1,1,1,0,1,0,1,0,0,1,1,0,2,0,0,0,0,0,0,0
1002860,1002860,0,0,2,-9,0,2,0,0,2,0,0,0,0,0,0,0,0,0,0,0,0,1,1,1,0,1,1,1,0,0,0,1,0,1,0,1,0,0,0,0,0
1002876,1002876,0,0,2,-9,0,0,0,1,0,0,0,0,0,0,0,0,0,1,0,0,0,1,0,0,0,0,1,1,0,0,0,1,1,1,0,0,0,0,0,0,0
1002893,1002893,0,0,1,-9,1,0,0,2,0,0,0,0,0,0,0,0,0,2,1,0,0,0,1,1,0,0,0,1,0,0,1,0,2,0,2,0,0,0,2,0,0
1002918,1002918,0,0,1,-9,1,1,0,1,1,0,0,0,0,0,1,0,0,1,0,1,0,1,0,0,1,1,0,0,0,0,0,0,2,0,0,2,1,0,0,0,0
1002957,1002957,0,0,1,-9,0,1,0,0,1,0,0,0,0,0,0,0,1,0,0,0,0,1,1,1,0,1,1,1,0,0,0,0,1,0,1,0,0,0,0,0,0
1002966,1002966,0,0,2,-9,1,2,0,0,2,0,0,2,0,0,0,0,0,0,0,0,0,1,0,1,0,0,0,2,0,0,2,0,0,2,0,0,0,1,0,0,0
1003004,1003004,0,0,1,-9,0,1,0,0,1,0,0,1,0,0,0,0,0,0,0,0,0,1,0,1,0,0,1,2,0,0,1,0,0,1,0,0,0,0,1,0,0
1003016,1003016,0,0,1,-9,0,0,0,1,0,0,0,0,0,0,0,0,0,0,0,0,0,1,1,1,1,2,0,0,0,0,0,0,1,1,0,1,0,0,0,0,0
1003037,1003037,0,0,1,-9,1,1,0,0,1,0,0,0,0,0,0,0,0,0,0,0,0,1,0,0,0,1,0,0,0,0,0,1,0,1,0,2,0,0,0,0,0
1003043,1003043,0,0,1,-9,1,0,0,1,1,0,0,0,0,0,0,0,0,1,0,0,0,0,1,1,0,1,1,0,0,2,0,1,2,0,1,0,0,0,1,0,0
1003051,1003051,0,0,2,-9,1,0,1,1,1,0,0,0,0,0,0,0,1,0,0,0,0,2,0,0,0,1,0,1,0,0,1,0,1,0,1,1,0,0,0,0,0
1003079,1003079,0,0,2,-9,0,0,0,1,0,0,0,0,0,0,0,0,0,1,0,0,0,0,1,1,0,0,0,0,0,0,0,2,0,2,0,0,0,0,0,0,0
1003082,1003082,0,0,1,-9,2,0,0,1,1,0,0,0,0,0,0,0,0,0,0,0,0,0,2,2,0,1,1,1,0,1,1,0,1,0,0,2,0,0,0,0,0
1003110,1003110,0,0,2,-9,1,0,1,1,1,0,0,1,0,0,0,0,0,0,0,0,0,1,0,1,0,0,2,1,1,1,0,0,1,0,1,1,1,0,1,0,0
1003134,1003134,0,0,2,-9,0,2,0,0,1,0,0,0,0,0,0,0,0,0,0,0,0,2,0,1,1,2,0,0,0,0,0,0,1,0,1,1,0,0,1,0,0
1003142,1003142,0,0,2,-9,1,1,0,1,1,0,0,0,0,0,0,0,0,1,0,0,0,0,0,0,0,1,1,1,0,0,0,0,1,0,1,0,0,0,0,0,0
1003155,1003155,0,0,1,-9,1,0,0,1,0,0,0,0,0,0,0,0,0,1,0,0,0,1,0,0,0,0,1,1,0,0,0,1,0,1,0,1,0,0,0,0,0
1003183,1003183,0,0,1,-9,0,2,0,0,1,0,0,1,0,0,0,0,0,1,1,0,0,0,1,1,0,1,0,1,0,0,0,0,1,0,0,2,0,0,1,0,0
1003199,1003199,0,0,2,-9,0,1,0,1,1,0,0,0,0,0,0,0,0,1,1,0,0,1,0,0,1,1,0,0,0,0,0,0,2,0,1,1,0,0,0,0,0
1003205,1003205,0,0,1,-9,1,1,0,1,1,0,0,0,0,0,0,0,0,0,0,0,0,0,0,0,0,1,0,0,0,0,0,0,1,1,0,1,0,0,0,0,0
1003218,1003218,0,0,2,-9,0,2,0,0,1,0,0,1,0,0,0,0,0,0,0,0,0,1,0,1,1,1,0,1,0,0,1,0,1,1,1,0,0,1,1,0,0
1003233,1003233,0,0,1,-9,2,0,0,2,0,0,0,0,0,0,0,0,0,1,0,0,0,1,0,0,0,1,1,0,0,1,0,0,0,2,0,0,0,0,0,0,0
1003249,1003249,0,0,2,-9,0,0,0,0,1,0,0,1,0,0,0,0,0,0,0,0,0,2,0,0,0,1,2,1,1,1,0,1,1,0,0,1,1,0,1,0,0
1003257,1003257,0,0,2,-9,0,0,0,0,0,0,0,0,0,0,0,0,0,1,0,0,0,1,0,0,0,0,0,1,0,0,2,2,1,1,0,0,0,0,0,0,0
1003266,1003266,0,0,1,-9,0,1,0,0,1,0,0,0,0,0,0,0,0,0,0,0,0,1,0,1,1,1,0,0,0,0,1,1,2,0,0,1,0,0,0,0,0
1003292,1003292,0,0,2,-9,0,1,0,0,1,0,0,0,0,0,0,0,0,0,0,0,0,0,0,0,0,1,0,1,0,0,1,0,1,1,0,2,0,0,0,0,0
1003348,1003348,0,0,2,-9,1,0,0,1,0,1,0,0,0,1,0,0,0,0,0,0,0,2,0,0,0,2,0,1,0,0,1,1,1,1,0,1,0,0,0,0,0
1003354,1003354,0,0,2,-9,1,0,0,0,1,0,0,0,0,0,1,0,0,1,0,0,0,1,0,0,0,0,1,2,0,0,1,1,0,2,0,0,1,0,0,0,0
1003376,1003376,0,0,1,-9,0,2,0,0,1,0,0,0,0,0,0,0,0,0,0,0,1,1,1,1,0,1,1,1,0,0,0,0,1,1,0,1,0,0,0,0,0
1003387,1003387,0,0,1,-9,0,1,0,0,1,0,0,1,0,0,0,0,0,0,0,0,0,1,0,1,0,0,0,2,0,0,1,0,2,1,1,1,0,0,2,0,0
1003422,1003422,0,0,1,-9,0,1,0,1,1,0,1,0,0,0,0,0,0,1,0,0,0,0,1,1,0,0,0,2,0,0,2,0,1,1,0,1,0,0,0,0,0
1003445,1003445,0,0,2,-9,2,0,0,1,1,0,0,0,0,0,1,0,0,2,0,0,0,0,0,0,0,1,0,0,0,0,0,1,0,2,0,0,0,0,0,0,0
1003458,1003458,0,0,1,-9,2,1,0,2,0,0,0,0,0,0,0,0,0,1,0,0,0,0,0,1,0,1,0,0,0,1,1,2,1,0,0,1,0,0,0,0,0
1003463,1003463,0,0,1,-9,1,1,0,0,2,0,0,0,0,0,1,0,0,1,0,0,1,0,1,1,0,0,2,2,0,0,1,0,0,0,0,2,0,0,0,0,0
1003474,1003474,0,0,2,-9,0,2,0,0,1,0,0,0,0,0,0,1,0,0,0,0,0,2,0,0,0,2,0,1,0,0,1,0,2,0,0,2,0,0,1,0,0
1003480,1003480,0,0,2,-9,0,0,0,1,0,1,0,0,0,0,0,0,0,0,0,0,0,0,0,1,0,1,0,1,0,0,1,1,0,1,0,1,0,0,0,0,0
1003491,1003491,0,0,1,-9,1,1,1,1,1,0,0,0,0,0,0,0,0,0,0,0,0,1,1,1,0,1,0,0,0,0,0,0,0,2,0,0,0,0,0,1,0
1003513,1003513,0,0,1,-9,0,1,0,0,1,0,0,2,0,0,0,0,0,0,0,0,0,0,0,2,0,0,1,1,0,0,1,0,1,1,0,1,0,0,1,0,0
1003524,1003524,0,0,2,-9,0,1,0,0,1,0,0,1,0,0,0,0,0,0,0,0,0,1,0,1,1,1,1,0,0,1,0,1,1,0,0,2,0,0,0,0,0
1003538,1003538,0,0,1,-9,1,0,0,1,0,0,0,0,0,0,0,0,1,0,0,0,0,1,0,0,0,1,1,0,0,1,0,1,0,2,0,0,0,0,0,0,0
1003546,1003546,0,0,2,-9,2,0,0,2,0,0,0,0,0,0,0,0,0,1,0,0,0,1,0,0,0,1,0,1,0,0,1,0,1,1,1,0,0,0,1,0,0
1003575,1003575,0,0,1,-9,0,1,1,1,1,0,0,1,0,0,0,0,1,0,0,0,0,1,0,1,0,0,1,2,0,0,1,0,1,1,0,1,0,0,0,0,0
1003581,1003581,0,0,1,-9,2,0,0,1,1,0,0,1,0,0,1,0,0,1,0,0,0,0,0,1,0,0,2,2,2,0,0,0,0,0,0,2,1,0,0,0,0
1003597,1003597,0,0,2,-9,1,1,0,1,1,0,0,0,0,0,0,0,0,0,0,0,0,2,0,0,1,1,0,1,0,0,1,0,1,1,1,0,0,0,0,0,0
1003606,1003606,0,0,1,-9,1,0,1,2,0,0,0,1,0,0,0,0,0,1,0,0,0,0,0,1,0,1,0,0,0,0,0,0,1,1,0,1,0,0,0,0,0
1003612,1003612,0,0,1,-9,0,1,0,1,1,0,0,0,0,0,0,0,0,0,0,0,0,1,0,0,0,0,2,1,0,1,0,0,0,0,0,2,0,0,0,0,0
1003627,1003627,0,0,2,-9,1,0,0,2,0,0,0,0,0,0,1,0,0,1,0,1,0,0,0,1,0,0,0,1,0,0,2,1,1,0,0,1,1,0,0,0,0
1003639,1003639,0,0,1,-9,0,1,0,0,2,0,0,0,0,0,0,0,0,0,0,0,1,1,1,1,0,2,0,0,0,0,0,2,0,2,0,0,0,0,1,0,0
1003640,1003640,0,0,2,-9,0,2,0,0,1,0,0,0,0,0,0,0,0,0,0,0,0,0,1,1,0,1,0,1,0,0,1,0,1,1,1,1,0,0,0,0,1
1003668,1003668,0,0,1,-9,1,1,0,1,1,0,0,0,0,0,1,0,0,1,0,1,1,0,1,1,0,0,1,2,0,0,1,0,1,2,0,0,0,0,0,0,0
1003685,1003685,0,0,2,-9,1,0,0,1,0,0,0,0,0,0,0,0,0,1,0,0,0,1,0,0,0,2,0,0,0,0,0,0,1,1,0,1,0,0,0,0,0
1003694,1003694,0,0,2,-9,0,0,0,0,0,0,0,1,0,0,0,0,0,0,0,0,0,0,0,1,0,1,0,1,0,0,0,0,0,0,0,2,0,0,0,0,0
1003702,1003702,0,0,2,-9,0,2,0,0,1,0,0,1,0,0,0,0,0,0,0,0,0,0,0,2,0,0,0,1,0,0,2,2,2,1,0,1,0,0,0,0,0
1003731,1003731,0,0,1,-9,0,1,0,0,1,0,0,0,0,0,0,0,0,0,0,0,0,2,0,0,2,1,0,1,0,0,1,1,0,0,0,1,0,0,0,0,1
1003764,1003764,0,0,2,-9,1,2,0,0,2,0,0,1,1,0,0,0,0,0,0,0,0,1,1,1,0,0,0,0,0,0,0,0,2,0,0,2,0,0,0,0,0
1003773,1003773,0,0,2,-9,1,1,0,1,1,0,0,0,0,0,0,0,1,0,0,0,0,2,0,0,1,1,0,1,0,0,1,0,1,1,0,1,0,0,0,0,0
1003808,1003808,0,0,1,-9,1,1,0,1,0,0,0,1,0,0,0,0,0,1,1,0,0,0,0,1,0,0,1,1,1,0,0,0,0,1,0,1,1,0,0,0,0
1003814,1003814,0,0,2,-9,1,0,0,1,0,0,0,1,0,0,0,0,0,0,0,0,0,1,1,1,0,0,1,0,0,1,0,0,2,0,0,2,0,0,0,0,0
1003823,1003823,0,0,1,-9,0,1,0,1,1,0,0,0,1,0,0,0,1,0,0,0,0,2,0,0,0,0,1,2,0,0,1,0,0,2,0,0,0,0,0,0,0
1003886,1003886,0,0,1,-9,1,1,0,1,1,0,0,0,0,0,0,0,0,0,0,0,0,1,0,1,1,1,1,0,0,1,0,0,1,1,1,0,0,0,1,0,0
1003911,1003911,0,0,1,-9,2,1,0,1,1,0,0,0,1,0,1,0,0,1,0,1,0,1,0,0,0,0,1,2,0,0,1,0,0,1,0,1,0,0,0,0,0
1003956,1003956,0,0,2,-9,1,1,0,1,1,0,0,0,0,0,0,0,0,1,0,0,0,0,0,0,0,1,0,1,0,0,1,1,1,1,0,1,0,0,0,0,0
1003967,1003967,0,0,1,-9,2,0,0,2,0,0,0,0,0,0,0,0,0,1,1,0,0,1,0,0,0,0,1,0,0,1,0,0,1,1,0,1,0,1,0,0,0
1003972,1003972,0,0,2,-9,2,0,1,2,0,0,0,0,0,0,0,0,0,2,0,0,0,1,0,0,0,1,0,2,0,0,2,0,0,2,0,1,0,0,0,0,1
1003990,1003990,0,0,1,-9,1,0,0,1,0,0,0,1,0,0,0,0,0,1,0,0,0,0,0,1,0,2,0,0,0,1,0,1,1,0,0,1,0,0,0,0,0
1004000,1004000,0,0,2,-9,0,1,0,1,1,0,0,0,0,0,0,0,0,1,1,0,0,1,0,0,0,0,1,0,0,1,0,1,0,1,0,1,0,0,0,0,0
1004013,1004013,0,0,1,-9,0,2,0,0,2,0,0,0,0,0,0,0,0,0,0,0,0,1,1,1,1,2,0,0,0,0,0,1,1,1,0,0,0,0,0,0,0
1004024,1004024,0,0,1,-9,0,1,0,1,1,0,0,0,0,0,1,0,0,1,0,1,0,0,1,1,0,1,1,0,0,0,0,0,1,1,1,0,0,0,0,0,1
1004038,1004038,0,0,1,-9,0,0,0,0,0,0,0,0,0,1,0,0,0,1,1,0,0,1,0,0,0,1,1,0,0,1,0,1,1,0,0,2,0,0,0,0,0
1004046,1004046,0,0,1,-9,0,2,0,0,2,0,1,0,0,0,0,0,0,0,0,0,0,0,2,2,0,1,0,1,0,0,1,1,1,1,0,1,0,0,0,0,0
1004097,1004097,0,0,1,-9,1,0,0,1,0,0,0,0,0,0,0,0,0,0,0,0,0,1,0,0,0,1,0,0,0,0,0,1,1,1,2,0,0,0,0,0,1
1004130,1004130,0,0,2,-9,1,0,0,2,0,0,0,0,0,0,0,0,0,1,0,0,0,0,0,1,0,0,0,0,0,0,1,1,1,1,0,0,0,0,0,0,0
1004159,1004159,0,0,1,-9,0,1,0,0,1,0,0,0,0,0,0,0,0,0,0,0,0,2,0,0,0,1,0,1,0,0,1,1,0,2,0,0,0,0,0,0,0
1004177,1004177,0,0,1,-9,0,1,0,0,1,0,0,0,0,0,0,0,1,1,0,0,0,2,0,0,0,1,2,1,0,1,0,0,0,1,0,0,0,0,0,0,0
1004186,1004186,0,0,1,-9,1,0,0,1,0,0,0,1,0,0,0,0,0,0,0,0,0,0,0,2,0,0,0,2,0,0,2,0,1,1,1,0,0,0,0,0,0
1004209,1004209,0,0,2,-9,0,1,0,0,1,0,0,0,0,0,0,0,1,0,0,0,0,2,0,0,0,0,1,1,0,0,1,1,0,2,0,0,0,1,0,0,0
1004236,1004236,0,0,1,-9,0,2,0,0,1,0,0,0,0,0,0,0,0,1,1,0,0,1,0,0,0,1,0,1,0,0,1,0,0,1,0,1,0,0,0,0,0
1004263,1004263,0,0,2,-9,0,1,0,1,0,0,0,0,0,0,0,0,1,0,0,0,0,1,0,1,0,0,1,2,0,0,1,0,0,1,0,1,0,0,0,0,0
1004274,1004274,0,0,1,-9,0,1,0,1,0,0,0,1,0,0,0,0,0,1,1,0,0,0,1,1,0,1,0,0,0,0,0,1,1,0,1,1,0,0,1,0,0
1004280,1004280,0,0,2,-9,0,0,0,1,0,1,0,0,0,0,0,0,0,0,0,0,0,1,1,1,0,0,1,0,0,1,0,1,1,1,1,0,0,0,1,0,0
1004291,1004291,0,0,1,-9,1,1,0,0,2,0,0,0,0,0,0,0,0,1,0,0,0,1,0,0,0,1,1,1,1,0,0,0,1,0,0,2,1,0,0,0,0
1004302,1004302,0,0,2,-9,1,0,0,2,0,0,0,0,0,1,0,0,0,1,0,0,0,1,0,0,0,1,0,0,0,0,0,0,0,2,0,0,0,0,1,0,0
1004329,1004329,0,0,2,-9,2,0,0,2,0,0,0,0,0,0,0,0,0,2,1,0,0,0,0,0,0,0,1,0,0,1,0,2,0,1,0,1,0,0,0,0,0
1004331,1004331,0,0,2,-9,1,1,1,1,1,0,0,1,0,0,0,0,0,0,0,0,0,0,1,2,0,0,1,1,0,1,1,1,0,1,0,1,0,1,0,0,0
1004347,1004347,0,0,2,-9,1,1,0,0,1,0,0,0,0,0,0,0,0,1,1,0,0,1,0,0,0,0,0,0,0,0,0,1,0,2,0,0,0,0,0,0,0
1004350,1004350,0,0,1,-9,2,1,0,0,2,0,0,1,0,0,0,0,0,0,0,0,0,2,0,0,1,1,1,0,0,1,0,1,1,1,0,1,0,0,0,0,0
1004364,1004364,0,0,2,-9,0,0,0,1,0,0,0,0,0,0,0,0,0,0,0,0,0,1,0,1,1,0,0,1,0,0,1,0,1,2,0,1,0,0,0,0,0
1004388,1004388,0,0,1,-9,0,0,0,1,0,0,0,1,0,0,0,0,0,0,0,0,0,0,0,2,0,0,0,0,0,0,1,2,0,2,0,0,0,0,0,0,0
1004405,1004405,0,0,2,-9,1,1,0,1,1,0,0,0,0,0,1,0,0,1,0,1,0,1,0,0,0,0,1,0,0,0,0,2,0,1,0,1,0,0,0,0,0
1004418,1004418,0,0,2,-9,1,0,0,1,0,1,0,0,0,0,0,0,0,0,0,0,0,1,0,1,0,1,1,1,0,0,0,0,1,1,0,1,0,0,0,0,0
1004421,1004421,0,0,2,-9,0,0,0,0,1,0,0,2,0,0,0,0,0,0,0,0,0,1,0,1,1,1,0,0,0,0,0,2,0,2,0,0,0,0,0,0,1
1004466,1004466,0,0,1,-9,1,2,0,0,2,0,0,0,1,0,0,0,0,1,0,0,0,1,0,0,0,0,0,1,0,0,1,0,1,1,1,0,0,0,1,0,0
1004470,1004470,0,0,2,-9,1,2,0,0,2,0,0,0,1,0,1,0,0,1,0,1,0,1,0,0,0,0,2,0,0,1,0,1,0,1,0,1,0,0,0,0,0
1004520,1004520,0,0,1,-9,1,1,0,1,1,0,0,0,0,0,0,0,0,0,0,0,0,2,0,0,0,0,2,1,0,1,1,1,0,2,0,0,0,1,0,0,0
1004537,1004537,0,0,2,-9,0,1,0,0,1,0,0,2,0,0,0,0,0,0,0,0,0,0,1,2,0,0,0,1,0,0,1,0,1,1,0,1,0,0,1,0,0
1004543,1004543,0,0,2,-9,1,0,1,1,0,0,0,0,0,0,0,0,1,1,0,0,0,1,0,0,0,2,0,0,0,0,0,2,0,2,0,0,0,0,0,0,0
1004565,1004565,0,0,1,-9,0,1,0,0,1,0,0,0,0,0,0,0,0,0,0,0,0,2,0,0,0,1,0,1,0,0,1,0,1,1,0,1,0,1,0,0,0
1004579,1004579,0,0,2,-9,0,1,0,0,1,0,0,0,0,0,0,0,0,0,0,0,0,1,0,0,0,0,1,2,0,0,1,0,0,1,0,2,0,0,0,0,0
1004582,1004582,0,0,2,-9,1,0,0,1,0,0,0,1,0,0,0,0,0,1,0,0,0,0,1,2,0,0,0,1,0,0,1,0,1,0,1,1,0,0,1,0,0
1004598,1004598,0,0,1,-9,0,1,0,1,0,1,0,0,0,0,0,0,0,1,0,0,0,2,0,0,0,1,0,1,0,0,1,1,0,2,0,1,0,0,0,0,0
1004611,1004611,0,0,2,-9,0,0,0,0,1,0,0,1,0,0,0,0,0,0,0,0,0,1,0,1,0,0,1,1,0,1,1,1,1,0,1,1,0,0,0,0,0
1004628,1004628,0,0,2,-9,2,0,0,2,0,0,0,0,0,0,0,0,0,2,0,0,0,0,0,0,0,0,1,0,0,1,0,1,1,1,0,1,0,0,0,0,0
1004635,1004635,0,0,1,-9,2,1,0,1,1,0,0,0,1,0,0,0,0,0,0,0,0,1,0,1,0,1,0,0,0,0,0,1,1,1,0,1,0,0,0,0,0
1004656,1004656,0,0,2,-9,0,1,0,1,0,0,0,0,0,0,0,0,0,1,0,0,0,0,0,1,0,1,0,1,0,0,1,1,1,1,0,1,0,0,0,0,0
1004667,1004667,0,0,2,-9,0,1,0,1,1,0,0,0,0,0,0,0,0,1,1,0,0,1,0,0,0,1,2,1,0,1,0,1,0,1,0,1,0,0,0,0,0
1004689,1004689,0,0,2,-9,1,0,0,1,0,0,0,1,0,0,0,0,0,1,0,0,0,0,0,1,0,0,0,1,0,0,2,0,2,0,0,2,0,0,0,0,0
1004725,1004725,0,0,1,-9,2,0,0,2,0,0,0,0,0,0,0,0,0,2,0,0,0,0,0,0,0,2,0,0,0,0,0,0,1,2,0,0,0,0,0,0,0
1004748,1004748,0,0,1,-9,0,1,0,0,1,1,0,0,0,0,0,0,1,0,0,0,0,1,0,0,0,1,1,1,0,0,0,0,1,0,0,1,0,0,0,0,0
1004760,1004760,0,0,1,-9,0,1,0,1,0,0,0,1,0,1,0,0,0,0,0,0,0,1,0,1,0,0,1,1,0,0,0,0,0,2,0,0,0,0,1,0,0
1004776,1004776,0,0,1,-9,0,0,0,1,0,0,0,0,0,0,1,0,1,0,0,0,0,1,0,0,0,1,1,1,0,0,0,1,0,1,0,1,0,0,0,0,0
1004807,1004807,0,0,2,-9,1,0,0,1,0,0,0,2,0,0,0,0,0,0,0,0,0,0,0,2,0,0,2,1,0,1,0,1,0,1,0,0,0,0,0,0,0
1004826,1004826,0,0,2,-9,2,1,1,1,1,0,0,0,0,0,0,0,1,0,0,0,0,2,0,0,1,0,0,2,0,0,0,0,1,1,1,0,0,0,1,0,0
1004842,1004842,0,0,1,-9,0,2,0,0,1,0,0,0,0,0,0,0,0,0,0,0,1,0,1,1,0,1,2,2,0,0,0,0,0,0,0,2,0,0,0,0,0
1004861,1004861,0,0,2,-9,1,0,0,0,1,1,0,0,0,0,0,0,0,0,0,0,0,2,0,0,0,0,0,1,0,0,1,1,0,2,0,1,0,1,0,0,0
1004912,1004912,0,0,1,-9,0,1,0,0,1,0,0,0,0,0,0,0,0,0,0,0,0,2,0,0,1,0,1,1,0,1,1,0,0,2,0,0,0,0,0,0,0
1004927,1004927,0,0,1,-9,0,2,0,0,1,0,0,0,0,0,0,0,0,0,0,0,1,0,1,1,0,0,2,1,0,0,0,1,0,1,0,1,0,0,0,0,0
1004940,1004940,0,0,1,-9,2,0,1,2,0,0,0,0,0,0,0,0,1,1,0,0,0,1,0,0,0,1,0,1,0,0,1,0,1,1,0,1,0,0,0,0,0
1004968,1004968,0,0,2,-9,1,1,1,1,1,0,0,0,0,0,0,0,0,0,0,0,0,1,1,1,0,0,1,0,0,1,0,0,1,2,0,0,0,0,0,1,0
1004971,1004971,0,0,1,-9,0,1,0,0,2,0,0,1,0,0,0,0,0,0,0,0,0,1,1,1,0,0,0,1,0,0,1,0,1,0,0,2,0,0,0,0,0
1004994,1004994,0,0,1,-9,1,1,0,0,2,0,0,0,0,0,1,0,0,1,0,0,0,0,0,0,0,0,1,1,1,0,0,0,0,0,0,2,1,0,0,0,0
1005001,1005001,0,0,1,-9,1,0,0,0,0,0,0,0,0,0,1,0,0,1,0,1,0,0,0,1,0,1,2,1,0,1,0,0,1,0,1,1,0,0,0,0,1
1005019,1005019,0,0,2,-9,1,1,0,1,1,0,0,1,0,0,0,0,0,0,0,0,0,1,0,1,0,1,2,1,1,1,0,1,1,0,0,1,1,0,0,0,0
1005048,1005048,0,0,2,-9,0,1,0,1,1,0,0,0,0,0,0,0,0,0,0,0,0,0,1,2,0,1,0,0,0,0,1,1,2,0,1,0,0,0,0,0,1
1005054,1005054,0,0,2,-9,0,0,0,1,0,1,0,0,0,0,0,0,0,0,0,0,0,1,0,0,1,1,1,0,0,1,0,1,1,0,0,2,0,0,0,0,0
1005060,1005060,0,0,1,-9,2,1,0,1,1,0,0,0,0,1,0,0,0,0,0,0,0,1,1,1,0,1,1,0,0,0,1,1,1,0,0,1,0,0,0,0,1
1005115,1005115,0,0,2,-9,0,1,0,0,0,0,0,2,0,0,0,0,0,0,0,0,0,0,1,2,0,0,1,0,0,0,0,1,1,1,0,1,0,0,0,0,0
1005131,1005131,0,0,2,-9,0,1,0,0,1,0,0,0,0,1,0,0,0,0,0,0,0,2,0,0,0,0,0,2,0,0,1,0,0,1,0,1,0,0,0,0,0
1005147,1005147,0,0,1,-9,0,0,0,0,0,1,0,0,0,0,0,0,0,1,0,0,0,1,0,0,0,2,0,0,0,0,0,2,0,2,0,0,0,0,0,0,0
1005150,1005150,0,0,2,-9,0,0,0,0,0,0,0,1,0,0,0,0,0,0,0,0,0,1,0,1,0,0,1,1,0,1,1,0,0,1,0,1,0,0,0,0,0
1005164,1005164,0,0,2,-9,1,0,0,1,1,0,0,1,0,0,0,0,0,0,0,0,0,0,0,1,0,1,1,1,0,0,0,0,0,1,0,1,0,0,0,0,0
1005173,1005173,0,0,2,-9,1,0,0,1,1,0,0,1,0,0,0,0,0,0,0,0,0,1,1,1,0,1,0,1,0,0,1,0,2,0,0,2,0,0,0,0,0
1005200,1005200,0,0,1,-9,0,2,0,0,1,0,0,0,0,0,0,0,0,0,0,0,0,1,0,0,0,0,1,2,0,0,1,0,0,1,0,1,0,0,0,0,0
1005213,1005213,0,0,1,-9,0,1,0,1,1,0,0,0,0,0,0,0,0,0,0,0,0,1,0,0,1,1,0,1,0,0,1,0,1,1,0,2,0,0,0,0,0
1005238,1005238,0,0,1,-9,0,0,0,0,0,1,0,0,0,0,0,0,0,0,0,0,0,2,0,0,0,1,1,0,0,1,0,0,1,1,0,1,0,0,0,0,0
1005269,1005269,0,0,1,-9,1,1,0,0,1,0,0,1,0,0,0,0,0,0,0,0,0,1,0,1,0,0,2,1,0,1,1,2,0,1,0,1,0,0,0,0,0
1005275,1005275,0,0,1,-9,1,1,0,1,0,0,0,1,0,0,0,0,0,1,1,0,0,0,1,1,0,1,1,0,0,1,0,1,1,1,0,1,0,0,0,0,0
1005320,1005320,0,0,1,-9,2,0,0,2,0,0,0,0,0,0,0,0,0,2,0,0,0,0,0,0,0,0,0,0,0,0,0,2,0,2,0,0,0,0,0,0,0
1005343,1005343,0,0,1,-9,1,1,0,1,1,0,0,0,0,0,0,0,0,1,0,0,0,1,0,0,1,2,0,0,0,1,0,0,2,0,1,1,0,0,0,0,0
1005379,1005379,0,0,1,-9,0,2,0,0,1,0,0,1,0,0,0,0,0,0,0,0,0,0,2,2,0,1,0,0,0,0,0,0,2,1,0,1,0,0,0,0,0
1005382,1005382,0,0,1,-9,0,1,0,0,0,0,0,0,0,0,0,0,0,0,0,0,0,1,0,1,1,0,1,2,0,0,1,0,1,0,0,1,0,0,0,0,0
1005398,1005398,0,0,1,-9,0,0,0,0,0,0,0,1,0,0,0,0,0,0,0,0,0,1,0,1,1,2,0,0,0,0,0,1,2,1,1,0,0,0,1,0,0
1005406,1005406,0,0,1,-9,1,0,0,1,0,0,0,0,0,0,1,0,0,1,0,1,0,0,0,0,0,2,1,0,0,1,0,1,0,1,0,1,0,0,0,0,0
1005412,1005412,0,0,1,-9,1,0,0,1,0,0,0,0,0,0,0,0,0,0,0,0,0,0,1,1,0,1,0,1,0,0,1,0,0,1,0,1,0,0,0,0,0
1005439,1005439,0,0,1,-9,0,0,0,0,1,0,0,0,0,0,0,0,0,0,0,0,0,2,0,0,0,0,1,1,0,0,1,1,0,2,0,0,0,1,0,0,0
1005440,1005440,0,0,1,-9,1,1,0,1,0,0,0,0,0,0,1,0,0,1,0,1,0,0,0,0,0,1,1,1,0,0,0,1,1,0,1,1,0,0,0,0,0
1005468,1005468,0,0,1,-9,1,0,0,1,0,0,0,0,0,0,0,0,0,1,0,0,0,1,0,0,0,1,0,0,0,0,0,1,1,0,0,2,0,0,0,0,0
1005471,1005471,0,0,2,-9,0,1,0,1,1,0,0,0,0,0,0,0,0,1,1,0,0,1,0,0,1,0,0,0,0,0,1,1,0,2,0,0,0,0,1,0,0
1005485,1005485,0,0,1,-9,1,2,0,0,2,0,0,0,1,0,0,0,0,0,0,0,0,1,0,0,0,0,1,1,0,0,1,0,1,0,0,2,0,0,0,0,0
1005494,1005494,0,0,2,-9,1,0,1,2,0,0,0,0,0,0,0,0,0,1,0,0,0,0,0,1,0,1,0,0,0,0,0,2,0,2,0,0,0,0,0,0,0
1005505,1005505,0,0,2,-9,2,0,0,0,2,0,0,0,0,0,2,0,0,2,0,1,0,0,0,0,0,1,0,1,0,0,1,1,0,2,0,0,1,0,0,0,0
1005518,1005518,0,0,2,-9,1,1,0,1,1,0,0,0,0,0,0,0,0,0,0,0,0,2,0,0,0,1,1,0,0,1,0,0,1,1,0,1,0,0,0,0,0
1005533,1005533,0,0,2,-9,0,2,0,0,1,0,0,0,0,0,0,0,0,0,0,0,0,0,0,0,0,0,1,1,0,0,0,0,0,0,0,1,0,0,0,0,0
1005549,1005549,0,0,1,-9,1,0,0,1,0,0,0,0,0,0,0,0,0,0,0,0,0,1,0,0,0,0,0,2,0,0,2,0,1,1,0,1,0,0,0,0,0
1005557,1005557,0,0,1,-9,1,0,0,1,0,0,0,0,0,0,0,0,0,1,0,0,0,0,0,1,0,1,1,1,0,0,0,1,0,1,0,0,0,0,0,0,0
1005566,1005566,0,0,1,-9,0,1,0,0,1,0,0,0,0,0,0,0,1,0,0,0,0,2,0,0,0,0,2,2,0,0,0,0,1,0,0,1,0,0,0,0,0
1005584,1005584,0,0,1,-9,0,1,0,0,1,0,0,1,0,0,0,0,0,1,0,0,0,0,0,1,0,1,0,1,0,0,1,0,1,1,1,0,0,0,0,0,1
1005617,1005617,0,0,2,-9,1,0,1,1,0,0,0,1,0,0,0,0,0,0,0,0,0,0,1,2,0,0,0,1,0,0,1,1,1,1,0,1,0,0,0,0,0
1005622,1005622,0,0,2,-9,0,1,1,1,1,0,0,0,0,0,0,0,1,1,0,0,0,1,0,1,0,0,1,1,0,1,0,1,0,1,0,1,0,0,0,0,0
1005658,1005658,0,0,1,-9,0,1,0,0,1,0,0,1,0,0,0,0,0,0,0,0,0,1,0,1,0,0,0,2,0,0,1,0,0,1,0,1,0,0,0,0,0
1005663,1005663,0,0,2,-9,1,1,0,1,1,0,0,1,0,0,0,0,0,0,0,0,0,0,0,1,0,1,1,1,1,0,0,0,0,0,0,2,1,0,0,0,0
1005680,1005680,0,0,1,-9,1,1,0,1,1,0,0,0,0,0,0,0,1,0,0,0,0,1,0,1,0,1,0,0,0,0,0,1,0,2,0,0,0,0,0,0,0
1005707,1005707,0,0,1,-9,0,1,0,1,1,0,0,0,0,0,0,0,0,0,0,0,0,2,0,0,2,0,1,1,0,0,1,0,2,0,0,2,0,0,0,0,0
1005710,1005710,0,0,1,-9,2,1,1,1,1,0,0,0,0,0,0,0,0,0,0,0,0,1,0,0,1,2,0,0,0,0,0,0,0,1,0,1,0,0,0,0,0
1005734,1005734,0,0,1,-9,1,1,0,0,1,0,0,0,1,0,0,0,0,0,0,0,0,1,1,1,0,0,0,0,0,0,0,1,1,1,0,1,0,0,0,0,0
1005742,1005742,0,0,2,-9,1,0,0,1,0,0,0,0,0,0,0,0,1,1,0,0,0,1,0,0,0,1,0,0,0,0,0,2,0,1,0,1,0,0,0,0,0
1005761,1005761,0,0,1,-9,0,1,0,0,0,0,0,1,0,0,0,0,0,0,0,0,0,1,0,1,1,2,0,0,0,0,0,1,2,1,1,0,0,0,1,0,0
1005783,1005783,0,0,1,-9,0,1,0,0,2,0,0,0,0,0,0,0,0,0,0,0,0,1,1,1,0,2,0,1,0,0,1,0,1,1,1,0,0,1,1,0,0
1005803,1005803,0,0,1,-9,0,1,0,0,0,0,0,2,0,0,0,0,0,0,0,0,0,0,1,2,0,0,1,0,0,0,0,1,1,2,0,0,0,0,0,0,0
1005828,1005828,0,0,1,-9,2,1,0,1,1,0,0,0,0,0,0,0,0,0,0,0,0,0,1,2,0,1,0,0,0,0,1,2,1,0,0,0,0,0,0,0,1
1005835,1005835,0,0,2,-9,1,0,0,2,0,0,0,0,0,1,0,0,0,1,0,0,0,1,0,0,0,0,0,1,0,0,1,0,0,1,0,1,0,0,0,0,0
1005844,1005844,0,0,2,-9,0,1,0,1,1,0,0,2,0,0,0,0,0,0,0,0,0,0,0,2,0,0,1,2,0,0,1,0,0,1,0,1,0,0,0,0,0
1005867,1005867,0,0,1,-9,0,0,0,1,1,0,0,0,0,1,0,0,0,1,0,0,0,1,0,0,0,0,1,1,1,0,0,0,0,1,0,1,1,0,1,0,0
1005890,1005890,0,0,1,-9,2,1,0,1,1,0,0,0,1,0,0,0,0,0,0,0,0,1,1,1,0,0,0,2,0,0,2,0,1,1,0,1,0,0,0,0,0
1005941,1005941,0,0,1,-9,1,1,0,1,1,0,0,0,0,0,0,0,0,1,0,0,1,0,1,1,0,2,0,0,0,0,0,2,0,2,0,0,0,0,0,0,0
1005959,1005959,0,0,1,-9,0,1,0,0,2,0,0,0,0,0,0,0,0,0,0,0,0,1,0,0,0,0,0,2,0,0,1,1,0,1,0,1,0,0,0,0,0
1005962,1005962,0,0,1,-9,0,2,0,0,2,0,0,0,0,0,0,0,1,0,0,0,0,1,0,0,0,0,2,2,0,0,1,0,0,1,0,1,0,0,0,0,0
1005986,1005986,0,0,1,-9,0,1,0,0,1,1,0,0,0,0,0,0,0,0,0,0,1,1,1,1,0,1,1,1,0,0,0,0,0,1,0,1,0,0,0,0,0
1006007,1006007,0,0,1,-9,1,0,1,1,0,0,0,0,0,0,0,0,1,0,0,0,0,2,0,0,0,0,0,2,0,0,2,0,1,1,0,1,0,0,0,0,0
1006034,1006034,0,0,2,-9,0,0,0,0,0,0,0,1,0,0,0,0,0,0,0,0,0,1,0,1,0,0,1,1,0,0,0,0,1,0,0,2,0,0,0,0,0
1006061,1006061,0,0,1,-9,2,0,0,2,0,0,0,0,0,0,0,0,0,1,0,0,0,0,1,1,0,1,0,0,0,1,0,0,1,1,1,0,0,0,0,0,0
1006078,1006078,0,0,2,-9,1,1,0,0,2,0,0,0,0,0,0,1,0,0,0,0,0,1,1,1,0,1,0,0,0,0,0,1,1,1,0,1,0,0,0,0,0
1006104,1006104,0,0,2,-9,1,1,0,0,1,0,0,0,0,0,0,0,0,0,0,0,0,1,0,0,0,0,1,1,0,0,0,1,0,2,0,0,0,0,0,0,0
1006116,1006116,0,0,2,-9,1,1,0,0,2,0,0,0,0,0,0,0,0,2,1,0,0,0,0,0,0,0,2,1,0,1,1,0,1,0,1,1,0,0,1,0,0
1006120,1006120,0,0,1,-9,1,0,0,1,0,0,0,0,0,0,0,0,0,1,0,0,0,1,0,0,0,2,0,0,0,1,0,0,1,1,0,2,0,0,0,0,0
1006137,1006137,0,0,2,-9,0,0,0,0,1,0,0,0,0,0,0,0,0,0,0,0,0,1,0,0,0,0,0,1,0,0,1,2,0,2,0,0,0,0,0,0,0
1006151,1006151,0,0,1,-9,0,0,0,1,0,1,0,0,0,1,0,0,0,0,0,0,0,2,0,0,0,1,0,0,0,0,0,1,0,2,0,0,0,0,1,0,0
1006165,1006165,0,0,2,-9,0,1,0,0,1,0,0,0,0,0,0,0,0,0,0,0,0,0,1,1,0,1,1,0,0,0,0,1,1,1,0,1,0,0,0,0,0
1006182,1006182,0,0,2,-9,0,1,0,1,1,0,0,0,0,0,0,0,0,1,1,0,0,1,0,0,0,0,1,0,0,1,0,1,1,1,0,0,0,0,0,0,0
1006232,1006232,0,0,2,-9,0,1,0,0,1,1,0,0,0,0,0,0,0,0,0,0,0,2,0,0,0,1,0,0,0,0,0,1,1,1,1,1,0,0,0,0,0
1006248,1006248,0,0,1,-9,0,1,0,0,1,0,0,1,0,0,0,0,0,0,0,0,0,1,0,1,1,1,0,1,0,0,1,0,1,0,0,1,0,0,0,0,0
1006254,1006254,0,0,1,-9,1,0,1,1,1,0,0,0,0,0,0,0,0,0,0,0,0,1,1,1,1,0,1,0,0,1,0,0,0,1,0,0,0,0,0,0,0
1006260,1006260,0,0,2,-9,1,1,0,0,1,0,0,0,1,0,0,0,0,0,0,0,0,2,0,0,0,1,1,0,0,1,0,0,1,0,0,1,0,0,0,0,0
1006276,1006276,0,0,2,-9,1,0,1,1,0,0,0,0,0,0,0,0,0,0,0,0,0,1,1,1,0,0,0,1,0,0,1,0,0,2,0,0,0,0,0,1,0
1006287,1006287,0,0,2,-9,0,2,0,0,2,0,0,0,0,0,0,0,0,0,0,0,0,1,0,1,0,1,0,1,0,0,1,0,1,1,0,1,0,0,0,0,0
1006293,1006293,0,0,1,-9,0,0,0,0,1,0,0,2,0,0,0,0,0,0,0,0,0,1,0,0,0,0,1,1,0,0,0,1,0,1,0,1,0,0,0,0,0
1006305,1006305,0,0,1,-9,1,1,0,1,1,0,0,0,0,0,0,0,0,1,0,0,1,0,2,2,0,1,0,0,0,0,0,1,1,1,1,0,0,0,1,0,0
1006333,1006333,0,0,1,-9,2,1,0,1,1,0,0,0,0,0,0,0,0,0,0,0,0,1,0,0,0,1,0,1,0,0,1,0,1,1,0,1,0,0,0,0,0
1006357,1006357,0,0,2,-9,0,1,0,0,1,0,0,1,0,0,0,0,0,1,0,0,0,1,0,0,0,0,2,2,1,0,0,0,0,0,0,2,1,0,0,0,0
1006366,1006366,0,0,2,-9,0,1,0,0,1,0,0,0,0,0,0,1,0,0,0,0,0,2,0,0,0,1,0,1,0,0,1,0,1,1,0,1,0,0,0,0,0
1006370,1006370,0,0,1,-9,0,1,0,0,1,0,0,0,0,0,0,0,0,1,1,0,0,1,0,0,0,1,0,1,0,0,1,0,1,1,0,1,0,0,0,0,0
1006384,1006384,0,0,2,-9,1,0,0,0,1,0,0,0,0,0,0,0,0,1,0,0,0,1,0,0,0,1,0,0,0,0,0,1,1,0,1,1,0,0,1,0,0
1006423,1006423,0,0,2,-9,1,1,0,1,0,0,0,0,0,0,0,0,0,1,0,0,0,0,0,0,0,1,0,1,0,0,0,1,0,1,0,1,0,0,0,0,0
1006430,1006430,0,0,2,-9,1,1,0,1,1,0,0,0,0,1,1,0,0,1,0,1,0,1,0,0,0,0,1,1,0,0,0,1,0,1,0,2,0,0,0,0,0
1006459,1006459,0,0,2,-9,0,0,0,0,0,1,0,1,0,0,0,0,0,0,0,0,0,0,1,2,0,0,0,1,0,0,1,1,0,2,0,0,0,0,0,0,0
1006477,1006477,0,0,1,-9,1,0,0,1,0,0,0,1,0,0,0,0,0,1,0,0,0,0,0,1,0,1,1,1,1,0,0,1,0,1,0,1,1,0,0,0,0
1006495,1006495,0,0,2,-9,1,0,0,1,0,0,0,0,0,0,0,0,0,1,1,0,0,1,0,0,0,0,1,0,0,1,0,0,1,1,1,0,0,0,1,0,0
1006512,1006512,0,0,1,-9,1,0,0,1,0,0,0,1,0,0,1,0,0,1,0,1,0,0,0,1,0,0,0,1,0,0,1,0,0,2,0,0,0,0,0,0,0
1006540,1006540,0,0,1,-9,0,1,0,1,1,0,0,0,0,0,0,0,0,1,0,0,0,0,0,0,0,2,0,0,0,0,0,0,1,0,1,1,0,0,0,0,1
1006553,1006553,0,0,1,-9,1,1,0,1,1,0,0,0,0,0,0,0,0,0,0,0,0,1,0,0,0,1,1,1,0,0,0,0,0,2,0,0,0,0,0,0,0
1006568,1006568,0,0,2,-9,1,0,0,1,0,0,0,0,0,0,0,0,0,1,0,0,0,0,0,0,0,1,2,1,1,1,0,1,1,1,0,1,1,0,0,0,0
1006600,1006600,0,0,2,-9,1,0,0,1,0,0,0,0,0,0,0,0,0,1,0,0,0,0,1,1,0,1,0,0,0,0,0,1,1,1,1,0,0,0,1,0,0
1006638,1006638,0,0,2,-9,0,2,0,0,2,0,0,1,0,0,0,0,0,0,0,0,0,0,1,2,0,0,1,2,0,0,1,0,0,1,0,1,0,0,0,0,0
1006703,1006703,0,0,2,-9,1,1,0,1,1,0,0,1,0,0,0,0,0,1,1,0,0,0,0,1,0,0,2,1,0,1,0,0,1,1,0,1,0,0,0,0,0
1006711,1006711,0,0,1,-9,1,1,0,0,2,0,0,0,0,0,0,0,0,0,0,0,0,1,0,1,0,0,1,1,0,1,0,1,0,0,0,2,0,0,0,0,0
1006756,1006756,0,0,1,-9,0,2,0,0,2,0,0,0,0,0,0,0,0,0,0,0,1,1,1,1,1,1,0,0,0,0,0,1,1,1,0,1,0,0,0,1,0
1006772,1006772,0,0,1,-9,0,1,0,0,1,0,0,0,0,0,0,0,0,0,0,0,0,2,0,0,0,1,1,1,0,0,0,0,1,0,0,2,0,0,0,0,0
1006790,1006790,0,0,1,-9,0,1,0,0,1,1,0,0,0,0,0,0,0,0,0,0,0,1,1,1,1,0,1,2,1,0,1,0,0,1,0,1,1,0,0,0,0
1006817,1006817,0,0,1,-9,1,1,0,1,1,0,0,0,0,0,0,0,0,1,0,0,0,1,0,0,0,1,0,1,0,0,1,0,1,0,0,1,0,0,1,0,0
1006822,1006822,0,0,2,-9,1,1,0,0,2,0,0,0,0,0,0,0,0,0,0,0,0,0,1,1,0,0,1,1,1,0,0,0,0,0,0,2,1,0,0,0,0
1006836,1006836,0,0,1,-9,1,1,0,0,2,0,0,0,0,0,0,0,0,1,0,0,0,0,1,1,0,2,0,0,0,0,0,0,1,1,1,0,0,0,0,0,1
1006880,1006880,0,0,1,-9,0,1,0,0,1,1,0,0,0,0,0,0,0,0,0,0,0,2,0,0,0,1,1,1,0,0,0,1,0,1,0,1,0,0,0,0,0
1006891,1006891,0,0,2,-9,1,1,0,1,0,0,0,0,0,0,0,0,0,1,0,0,0,0,0,0,0,0,1,1,0,0,0,1,0,0,0,2,0,0,0,0,0
1006902,1006902,0,0,2,-9,1,1,0,1,0,0,0,0,0,0,0,0,0,1,0,0,0,0,0,0,0,0,1,0,0,1,0,1,1,1,0,1,0,0,0,0,0
1006929,1006929,0,0,2,-9,0,0,0,1,0,1,0,0,0,0,0,1,0,0,0,0,0,2,0,0,0,2,0,0,0,0,0,1,0,2,0,0,0,0,0,0,0
1006931,1006931,0,0,1,-9,0,0,0,1,0,0,0,0,0,0,1,0,0,1,0,0,0,1,0,0,0,1,1,1,0,0,0,0,0,2,0,0,0,0,0,0,0
1006950,1006950,0,0,1,-9,1,0,0,1,0,0,0,0,0,0,1,0,0,1,0,1,0,1,0,0,1,0,0,1,0,0,1,0,1,2,0,0,0,0,0,0,0
1006964,1006964,0,0,2,-9,1,1,0,2,0,0,0,0,0,0,0,0,0,0,0,0,0,1,0,1,0,0,0,1,0,0,2,1,0,1,0,2,0,0,0,0,0
1006988,1006988,0,0,2,-9,0,2,0,0,2,0,0,0,0,0,0,0,0,1,0,0,1,0,1,1,0,0,2,2,0,0,0,0,0,0,0,2,0,0,0,0,0
1006996,1006996,0,0,1,-9,0,1,0,1,1,0,0,0,0,0,0,0,0,0,0,0,0,2,0,0,0,1,0,0,0,1,0,1,0,2,0,0,0,0,0,0,0
1007018,1007018,0,0,1,-9,1,0,0,1,0,1,0,0,0,0,0,0,0,1,0,0,0,0,1,1,0,1,0,0,0,0,0,1,0,1,0,1,0,0,0,0,0
1007092,1007092,0,0,2,-9,0,0,0,0,0,0,0,0,0,0,0,0,0,0,0,0,0,1,1,1,0,2,0,0,0,0,0,1,1,1,0,1,0,0,0,0,0
1007135,1007135,0,0,2,-9,1,1,0,1,1,0,1,0,0,0,1,0,0,1,0,1,0,0,1,1,0,0,0,1,0,0,1,1,0,1,0,1,0,1,0,0,0
1007156,1007156,0,0,1,-9,0,0,0,1,0,0,0,0,0,0,0,0,0,0,0,0,0,0,0,1,0,1,1,0,0,1,0,2,0,1,0,1,0,0,0,0,0
1007172,1007172,0,0,2,-9,2,0,0,2,0,0,0,0,0,0,0,0,0,1,0,0,0,1,0,0,0,0,0,0,0,0,0,1,1,1,0,1,0,0,0,0,0
1007189,1007189,0,0,2,-9,0,2,0,0,2,0,0,0,0,0,0,1,0,0,0,0,1,1,1,1,0,1,1,1,0,0,0,1,0,0,0,2,0,0,0,0,0
1007206,1007206,0,0,2,-9,1,0,0,2,0,0,0,0,0,0,0,0,0,1,1,0,0,0,0,1,0,2,0,0,0,0,0,1,0,2,0,0,0,0,0,0,0
1007240,1007240,0,0,2,-9,1,1,0,1,1,0,0,0,0,0,0,0,1,1,0,0,0,1,0,0,0,0,1,1,0,0,0,1,0,0,0,1,0,0,0,0,0
1007268,1007268,0,0,2,-9,0,2,0,0,1,0,0,1,0,0,0,0,0,0,0,0,0,0,0,1,0,0,1,2,0,0,1,0,0,1,0,1,0,1,0,0,0
1007271,1007271,0,0,2,-9,0,1,0,0,1,0,0,1,0,0,0,0,0,0,0,0,0,1,0,1,0,0,2,0,0,1,0,2,0,1,0,1,0,0,0,0,0
1007294,1007294,0,0,1,-9,0,1,0,0,0,0,0,1,0,0,0,0,0,0,0,0,0,0,1,1,1,0,0,2,0,0,2,0,1,1,0,1,0,1,0,0,0
1007326,1007326,0,0,1,-9,1,0,0,1,0,0,0,1,0,0,0,0,0,1,0,0,0,0,0,1,0,1,0,1,0,0,0,0,0,2,0,0,0,0,0,0,0
1007334,1007334,0,0,1,-9,0,0,0,0,0,0,0,0,0,0,0,0,0,0,0,0,0,2,0,0,1,0,0,2,0,0,1,0,0,1,0,1,0,0,0,0,0
1007342,1007342,0,0,2,-9,0,1,0,0,1,1,0,0,0,0,0,0,0,0,0,0,0,1,0,0,0,2,0,1,0,0,1,0,1,1,0,1,0,0,0,0,0
1007355,1007355,0,0,1,-9,0,0,0,0,0,0,0,0,0,0,0,0,0,0,0,0,0,1,1,1,0,2,0,0,0,0,1,1,2,0,1,0,0,0,1,0,1
1007361,1007361,0,0,1,-9,2,1,0,2,0,0,0,0,0,0,0,0,0,1,0,0,0,0,0,1,0,0,0,1,0,0,1,1,0,1,0,1,0,0,0,0,0
1007399,1007399,0,0,1,-9,2,0,0,1,1,0,0,0,0,0,1,0,0,2,0,0,0,0,0,0,0,0,2,2,2,0,0,0,0,0,0,2,2,0,0,0,0
1007400,1007400,0,0,1,-9,1,1,0,1,1,0,0,0,1,0,0,0,0,1,1,0,0,1,0,0,0,1,1,1,0,1,1,1,1,1,0,1,0,0,0,0,0
1007424,1007424,0,0,1,-9,0,2,0,0,2,0,0,0,0,0,0,0,0,0,0,0,1,1,1,1,0,1,0,1,0,0,1,0,1,0,0,2,0,0,0,0,0
1007446,1007446,0,0,2,-9,1,0,0,1,0,0,0,0,0,0,0,0,0,1,0,0,0,1,0,1,0,0,2,1,0,1,0,1,0,2,0,0,0,0,0,0,0
1007481,1007481,0,0,1,-9,1,1,0,1,1,0,0,1,0,0,0,0,0,1,0,0,0,0,0,2,0,0,2,0,0,2,0,2,1,0,0,1,0,0,0,0,1
1007497,1007497,0,0,2,-9,0,1,0,0,1,0,0,0,0,0,0,0,0,0,0,0,1,1,1,1,1,1,1,1,0,0,0,0,1,0,1,1,0,0,1,0,0
1007501,1007501,0,0,1,-9,2,2,0,0,2,0,0,0,2,0,0,0,0,0,0,0,0,2,0,0,0,0,1,0,0,1,0,1,1,0,0,2,0,0,0,0,0
1007532,1007532,0,0,2,-9,0,1,0,1,1,0,0,0,0,0,0,0,0,0,0,0,1,0,1,2,0,1,0,1,0,0,1,1,0,1,0,1,1,0,0,0,0
1007576,1007576,0,0,2,-9,1,0,0,1,0,1,0,1,0,0,0,0,0,1,0,0,0,1,0,0,0,1,0,1,0,0,1,0,1,1,0,0,0,0,0,0,0
1007587,1007587,0,0,1,-9,0,0,0,1,0,0,0,1,0,0,0,0,0,0,0,0,0,0,0,2,0,0,1,2,0,0,1,0,0,1,0,1,0,1,0,0,0
1007593,1007593,0,0,2,-9,0,1,0,1,1,0,0,0,0,0,0,0,0,0,0,0,0,0,2,2,0,1,1,1,0,0,0,0,0,1,1,0,0,0,0,0,1
1007614,1007614,0,0,2,-9,1,1,0,1,1,0,0,0,0,0,0,0,0,1,0,0,0,0,0,1,0,2,0,0,0,0,0,1,1,1,0,1,0,0,0,0,0
1007641,1007641,0,0,1,-9,1,1,0,1,1,0,0,0,0,0,0,0,0,2,1,0,0,0,0,0,0,1,2,1,0,1,0,1,0,0,0,2,0,0,0,0,0
1007662,1007662,0,0,2,-9,0,1,0,0,1,0,0,0,0,0,0,0,0,0,0,0,0,2,0,0,0,0,2,0,0,1,0,0,1,1,0,0,0,0,0,0,1
1007677,1007677,0,0,2,-9,1,1,0,0,1,0,0,1,0,0,0,0,0,0,0,0,0,0,0,1,0,1,2,0,0,2,0,2,1,1,0,1,0,0,0,0,0
1007695,1007695,0,0,2,-9,0,1,0,1,1,0,0,0,0,0,1,0,0,1,0,0,0,0,0,0,0,0,0,1,0,0,1,1,1,0,0,1,0,0,0,0,0
1007704,1007704,0,0,2,-9,0,2,0,0,2,0,0,0,0,0,0,0,0,0,0,0,0,1,0,0,1,0,1,1,0,0,0,1,0,0,0,2,0,0,0,0,0
1007716,1007716,0,0,1,-9,1,1,0,0,1,0,0,0,1,0,0,0,0,0,0,0,0,2,0,0,0,1,0,0,0,0,0,0,1,1,0,1,0,0,0,0,0
1007720,1007720,0,0,1,-9,1,1,0,0,1,0,0,0,0,0,0,0,0,0,0,0,0,1,1,1,0,2,0,1,0,0,0,1,0,1,0,1,0,0,0,0,0
1007737,1007737,0,0,2,-9,0,1,0,0,0,0,0,2,0,0,0,0,0,0,0,0,0,0,0,2,0,0,1,1,0,1,1,1,0,1,0,1,0,0,0,0,0
1007751,1007751,0,0,2,-9,1,0,0,1,1,0,0,0,0,0,0,0,0,1,0,0,0,1,0,0,0,0,0,2,0,0,1,0,1,1,0,2,0,0,0,0,0
1007765,1007765,0,0,2,-9,0,0,0,1,0,0,0,0,0,0,1,0,0,2,0,0,0,1,0,0,0,0,2,0,0,1,0,1,0,2,0,0,0,0,0,0,0
1007779,1007779,0,0,2,-9,1,1,0,1,1,0,0,0,0,0,0,0,0,2,0,0,0,0,0,0,0,1,0,0,0,1,0,1,1,1,0,1,0,0,0,0,0
1007782,1007782,0,0,2,-9,0,0,0,2,0,0,0,0,0,0,1,0,0,2,0,1,0,0,0,0,0,0,0,1,0,0,1,0,0,0,0,2,1,0,0,0,0
1007798,1007798,0,0,2,-9,0,1,0,0,0,0,0,1,0,0,0,0,0,0,0,0,0,0,2,2,0,1,0,1,0,0,0,1,1,1,0,1,0,0,0,0,0
1007802,1007802,0,0,1,-9,0,1,0,0,1,0,1,0,0,0,0,0,0,0,0,0,0,1,1,1,1,0,1,2,1,0,1,0,1,1,1,1,0,0,1,0,0
1007815,1007815,0,0,2,-9,1,1,0,1,1,0,0,0,0,0,0,0,0,1,0,0,0,1,0,0,0,2,0,0,0,0,0,0,2,1,0,1,0,0,0,0,0
1007829,1007829,0,0,1,-9,1,1,1,1,1,0,0,0,0,0,0,0,0,1,1,0,0,0,1,1,0,2,0,0,0,0,0,1,1,1,0,1,0,0,1,0,0
1007850,1007850,0,0,2,-9,0,0,0,1,1,0,0,0,0,1,0,0,0,0,0,0,0,1,0,0,0,0,0,0,0,0,1,1,0,2,0,0,0,0,1,0,0
1007936,1007936,0,0,1,-9,0,2,0,0,2,0,0,0,0,0,0,0,1,0,0,0,0,1,0,0,0,0,2,1,0,1,0,0,0,0,0,1,0,0,0,0,0
1007945,1007945,0,0,2,-9,2,0,0,2,0,0,0,0,0,0,0,0,0,2,0,0,0,0,0,0,0,0,1,1,0,0,1,1,0,1,0,1,0,0,0,0,0
1007974,1007974,0,0,2,-9,1,2,0,0,2,0,0,0,0,0,0,0,0,0,0,0,1,0,1,1,0,1,1,1,0,0,0,1,1,1,0,1,0,0,1,0,0
1007980,1007980,0,0,1,-9,0,0,0,0,0,0,0,2,0,0,0,0,0,0,0,0,0,0,0,1,0,0,1,1,1,0,1,1,1,0,0,1,0,0,0,0,1
1008011,1008011,0,0,2,-9,0,1,0,0,1,0,0,0,0,0,0,1,0,0,0,0,0,2,0,0,1,0,1,2,0,0,1,0,0,1,0,1,0,0,0,0,0
1008028,1008028,0,0,1,-9,0,1,0,0,1,0,0,0,0,0,0,0,0,0,0,0,0,2,0,0,1,0,1,2,0,0,2,1,1,1,0,0,0,0,0,0,0
1008035,1008035,0,0,1,-9,0,2,0,0,1,0,0,0,0,0,0,0,0,0,0,0,0,1,0,0,0,0,1,0,0,1,0,0,2,0,0,1,0,0,1,0,0
1008044,1008044,0,0,1,-9,0,0,0,1,0,0,0,0,0,1,0,0,0,0,0,0,0,2,0,0,0,1,0,0,0,0,0,0,1,1,0,1,0,0,1,0,0
1008067,1008067,0,0,2,-9,0,1,0,0,1,0,0,0,0,0,0,0,0,0,0,0,0,1,0,0,0,0,1,1,0,0,0,0,0,2,0,0,0,0,0,0,0
1008090,1008090,0,0,2,-9,0,0,0,1,0,0,0,1,0,1,0,0,0,0,0,0,0,0,0,1,0,0,1,1,0,0,1,0,1,1,0,1,0,0,0,0,0
1008105,1008105,0,0,2,-9,0,1,0,0,1,0,0,1,0,0,0,0,1,0,0,0,0,1,0,1,0,0,1,1,0,0,0,0,1,1,0,1,0,0,0,0,0
1008118,1008118,0,0,1,-9,0,1,0,0,1,0,0,1,0,0,0,1,0,0,0,0,0,1,0,1,0,1,1,1,0,0,0,1,0,1,0,1,0,0,0,0,0
1008121,1008121,0,0,2,-9,0,1,0,0,1,0,0,0,0,0,0,0,0,0,0,0,1,1,1,1,0,2,1,1,0,0,0,0,1,1,0,1,0,0,0,0,0
1008149,1008149,0,0,2,-9,1,0,1,1,0,0,0,0,0,0,0,0,1,0,0,0,0,2,0,0,0,0,1,2,0,0,1,0,0,1,0,1,0,1,0,0,0
1008170,1008170,0,0,1,-9,1,1,1,1,1,0,0,0,0,0,0,0,0,0,0,0,0,1,1,1,1,1,0,0,0,1,1,1,0,2,0,0,0,0,0,1,0
1008192,1008192,0,0,2,-9,0,1,0,0,1,0,0,0,0,0,0,1,0,0,0,0,0,2,0,0,0,1,1,1,0,0,0,0,1,0,1,1,0,0,1,0,0
1008207,1008207,0,0,1,-9,0,1,0,0,1,0,0,0,0,0,0,0,0,0,0,0,0,2,0,0,0,0,1,2,0,0,0,0,0,0,0,2,0,0,0,0,0
1008210,1008210,0,0,1,-9,0,0,0,0,0,0,0,1,0,0,0,0,0,0,0,0,0,1,0,1,0,0,2,2,0,0,1,0,0,2,0,0,0,0,0,0,0
1008234,1008234,0,0,2,-9,0,2,0,0,2,0,0,1,0,0,0,0,1,0,0,0,0,1,0,1,0,0,0,1,0,1,1,0,0,1,0,1,0,0,0,0,0
1008261,1008261,0,0,1,-9,0,1,0,0,0,0,0,0,0,0,0,0,0,1,0,0,0,1,0,0,0,1,1,0,0,0,0,0,1,0,0,2,0,0,0,0,0
1008278,1008278,0,0,2,-9,0,0,0,1,0,0,0,0,0,1,0,0,0,0,0,0,0,2,0,0,0,0,0,0,0,0,0,0,0,2,0,0,0,0,1,0,0
1008283,1008283,0,0,1,-9,1,1,0,0,2,0,0,0,0,0,0,0,1,0,0,0,0,1,1,1,0,1,1,1,0,1,0,0,0,1,0,0,0,0,0,0,0
1008299,1008299,0,0,2,-9,1,1,0,1,1,0,0,0,0,0,0,0,1,1,1,0,0,1,0,0,0,1,1,0,0,1,0,1,1,1,0,1,0,0,0,0,0
1008306,1008306,0,0,1,-9,0,0,0,0,0,1,0,1,0,0,0,0,0,0,0,0,0,1,0,1,0,1,1,0,0,1,0,2,0,1,0,1,0,0,0,0,0
1008312,1008312,0,0,1,-9,1,0,0,1,0,0,0,0,0,0,0,0,0,1,0,0,0,1,0,0,0,1,0,1,0,0,1,0,0,2,0,0,0,0,0,0,0
1008327,1008327,0,0,1,-9,0,2,0,0,1,0,0,1,0,0,0,0,0,0,0,0,0,1,1,1,0,0,1,0,0,1,0,0,1,0,1,0,0,0,1,0,0
1008339,1008339,0,0,1,-9,1,0,0,1,0,0,0,1,0,0,0,0,0,0,0,0,0,1,0,1,0,0,0,1,0,0,1,0,1,1,0,1,0,0,0,0,0
1008368,1008368,0,0,2,-9,1,1,0,0,2,0,0,0,0,0,0,0,0,0,0,0,0,1,1,1,0,1,1,0,0,1,0,0,1,0,1,1,0,0,1,0,0
1008371,1008371,0,0,2,-9,2,0,0,2,0,0,0,0,0,0,0,0,0,2,0,0,0,0,0,0,0,0,1,0,0,1,0,1,1,1,1,0,0,0,1,0,0
1008394,1008394,0,0,1,-9,0,1,0,0,2,0,0,1,0,0,0,0,0,0,0,0,0,1,0,1,0,1,1,1,0,0,0,1,0,1,0,0,0,0,0,0,0
1008402,1008402,0,0,1,-9,0,1,0,0,1,0,0,0,0,0,0,0,0,0,0,0,0,1,0,0,1,1,2,1,1,1,0,1,1,1,1,0,0,0,2,0,0
1008415,1008415,0,0,2,-9,0,1,0,0,1,1,0,1,0,0,0,0,0,0,0,0,0,1,0,1,0,1,1,1,0,0,0,1,0,1,0,1,0,0,0,0,0
1008429,1008429,0,0,2,-9,0,1,0,0,1,0,0,1,0,0,0,0,0,0,0,0,0,0,1,2,0,1,1,0,0,1,0,0,0,1,0,0,0,0,0,0,0
1008447,1008447,0,0,2,-9,0,1,0,0,1,0,1,0,0,0,0,0,0,0,0,0,0,1,1,1,0,0,1,2,0,0,2,0,1,1,0,0,0,1,0,0,0
1008450,1008450,0,0,2,-9,0,1,0,0,1,0,0,0,0,0,0,1,0,0,0,0,0,1,1,1,0,1,2,1,0,1,0,0,0,1,0,1,0,0,0,0,0
1008473,1008473,0,0,2,-9,0,0,0,2,0,0,0,0,0,0,0,0,0,2,2,0,0,0,0,0,0,0,1,1,0,1,1,0,1,1,0,0,0,0,0,0,0
1008514,1008514,0,0,1,-9,0,2,0,0,1,0,0,0,0,0,0,1,0,0,0,0,0,1,0,0,0,0,1,1,0,0,2,1,1,1,0,1,0,0,0,0,1
1008523,1008523,0,0,1,-9,0,0,0,0,1,0,0,1,0,0,0,0,0,0,0,0,0,1,1,1,0,1,0,0,0,0,0,0,1,1,0,1,0,0,1,0,0
1008562,1008562,0,0,2,-9,1,0,0,2,0,0,0,0,0,1,0,0,0,0,0,0,0,1,1,1,0,0,0,1,0,0,1,0,2,0,0,2,0,0,0,0,0
1008586,1008586,0,0,1,-9,1,0,0,1,0,0,0,1,0,0,0,0,0,0,0,0,0,0,1,1,0,1,2,0,0,2,1,0,0,2,1,1,0,0,0,0,0
1008601,1008601,0,0,2,-9,0,1,0,0,0,0,0,0,0,0,0,0,0,0,0,0,0,0,0,0,0,0,1,2,0,0,0,1,1,0,1,1,0,0,0,0,0
1008619,1008619,0,0,2,-9,0,1,0,0,1,0,1,0,0,0,0,0,0,1,0,0,0,1,1,1,0,0,1,1,0,1,1,0,1,1,0,1,0,0,0,0,0
1008648,1008648,0,0,2,-9,0,1,0,0,1,1,0,0,0,0,0,0,0,0,0,0,0,2,0,0,0,0,1,1,0,1,1,0,0,2,0,0,0,0,0,0,0
1008654,1008654,0,0,2,-9,0,2,0,0,2,0,0,1,0,0,0,0,0,0,0,0,1,0,1,2,0,1,1,1,0,0,0,1,0,2,0,0,0,0,0,0,0
1008676,1008676,0,0,2,-9,1,1,0,0,2,0,0,0,0,0,0,0,0,0,0,0,0,2,0,0,0,1,0,1,0,0,1,0,0,2,0,0,0,0,1,0,0
1008687,1008687,0,0,2,-9,1,0,0,1,0,0,0,0,1,0,0,0,0,0,0,0,0,1,0,1,0,1,0,0,0,1,0,0,1,1,0,1,0,0,0,0,0
1008693,1008693,0,0,1,-9,2,0,0,0,0,0,0,0,0,0,0,0,0,0,0,0,0,2,0,0,0,0,0,0,0,0,0,1,0,2,0,0,0,0,0,0,0
1008717,1008717,0,0,2,-9,1,1,0,1,1,0,1,0,0,0,0,0,0,0,0,0,0,1,1,1,1,0,0,1,0,0,1,1,0,1,0,0,0,0,0,0,0
1008722,1008722,0,0,2,-9,1,0,0,2,0,0,0,1,0,0,0,0,0,0,0,0,0,0,0,1,0,1,1,1,1,0,0,0,1,0,0,2,0,0,0,0,0
1008736,1008736,0,0,1,-9,0,2,0,0,2,0,0,0,0,0,0,0,1,0,0,0,0,1,0,0,0,0,2,1,0,1,0,1,0,1,0,0,0,0,0,0,0
1008745,1008745,0,0,1,-9,1,1,0,0,2,0,0,2,0,0,0,0,0,0,0,0,0,0,1,2,0,0,0,1,0,0,1,0,1,1,0,1,0,0,0,0,0
1008763,1008763,0,0,1,-9,0,2,0,0,0,0,0,0,0,0,0,0,0,0,0,0,0,1,0,0,1,1,1,1,0,0,0,1,0,1,0,1,0,0,0,0,0
1008774,1008774,0,0,2,-9,1,0,0,2,0,0,0,0,0,0,0,0,0,1,0,0,0,0,0,1,0,1,0,1,0,0,1,0,0,2,0,0,0,0,0,1,0
1008791,1008791,0,0,2,-9,0,1,0,0,1,0,0,2,0,0,0,0,0,0,0,0,0,0,0,2,0,0,0,2,0,0,2,1,1,1,0,0,0,1,0,0,0
1008800,1008800,0,0,2,-9,1,1,0,1,1,0,0,0,0,0,0,0,0,1,1,0,0,1,0,0,1,1,1,0,0,1,0,1,2,0,1,1,0,0,0,0,0
1008813,1008813,0,0,1,-9,0,0,0,1,0,0,0,1,0,1,0,0,0,0,0,0,0,1,0,1,0,0,1,1,0,1,1,2,0,1,0,1,0,0,0,0,0
1008852,1008852,0,0,1,-9,1,2,0,0,2,0,0,0,1,0,0,0,0,0,0,0,0,1,1,1,0,1,1,0,0,1,0,1,0,1,0,1,0,0,0,0,0
1008869,1008869,0,0,2,-9,0,2,0,0,1,0,0,0,0,0,0,0,1,0,0,0,0,2,0,0,0,1,0,1,0,0,0,0,0,2,0,0,0,0,0,0,0
1008916,1008916,0,0,2,-9,0,1,0,0,2,0,0,0,0,0,0,0,0,0,0,0,0,2,0,0,1,1,0,1,0,0,1,1,1,1,0,1,0,0,0,0,0
1008937,1008937,0,0,1,-9,1,1,0,1,1,0,0,0,0,0,0,0,0,1,1,0,0,0,0,0,0,1,1,0,0,1,0,0,1,1,0,1,0,0,0,0,0
1008943,1008943,0,0,2,-9,0,2,0,0,2,0,0,1,0,0,0,0,0,0,0,0,1,0,1,2,0,0,2,2,0,0,0,0,0,1,0,1,0,0,0,0,0
1008951,1008951,0,0,2,-9,0,1,0,0,1,0,0,1,0,0,0,0,0,0,0,0,1,0,1,1,0,1,1,1,0,0,1,1,1,1,0,0,0,0,0,0,1
1008965,1008965,0,0,1,-9,0,2,0,0,2,0,0,0,0,0,0,0,0,0,0,0,0,0,0,0,0,1,0,0,0,0,0,0,0,1,0,1,0,0,0,0,0
1008979,1008979,0,0,1,-9,0,2,0,0,2,0,0,0,0,0,0,0,0,1,0,0,0,1,0,0,0,1,0,2,0,0,2,1,0,2,0,1,0,0,0,0,0